0 0.5708333333333333 0.9984375 0.008333333333333333 0.003125
0 0.6026041666666667 0.996875 0.005208333333333333 0.00625
0 0.5578125 0.987109375 0.0010416666666666667 0.00078125
0 0.5723958333333333 0.9875 0.005208333333333333 0.0125
0 0.5609375 0.98125 0.005208333333333333 0.0046875
0 0.5880208333333333 0.9875 0.026041666666666668 0.025
0 0.634375 0.974609375 0.0020833333333333333 0.00078125
0 0.6041666666666666 0.975390625 0.008333333333333333 0.00234375
0 0.6255208333333333 0.973828125 0.0010416666666666667 0.00078125
0 0.6171875 0.973828125 0.0010416666666666667 0.00078125
0 0.5661458333333333 0.973828125 0.0010416666666666667 0.00078125
0 0.5401041666666667 0.973828125 0.003125 0.00078125
0 0.575 0.9734375 0.008333333333333333 0.0015625
0 0.534375 0.972265625 0.0020833333333333333 0.00078125
0 0.48854166666666665 0.921875 0.9166666666666666 0.10625
0 0.9848958333333333 0.628515625 0.0010416666666666667 0.00078125
0 0.6864583333333333 0.70703125 0.48125 0.284375
0 0.24114583333333334 0.704296875 0.36770833333333336 0.28046875
0 0.9625 0.528125 0.03333333333333333 0.0140625
0 0.9317708333333333 0.525 0.013541666666666667 0.0078125
0 0.9057291666666667 0.521484375 0.003125 0.00234375
0 0.8744791666666667 0.521484375 0.003125 0.00234375
0 0.8692708333333333 0.52109375 0.003125 0.0015625
0 0.8640625 0.521484375 0.003125 0.00234375
0 0.8588541666666667 0.521484375 0.003125 0.00234375
0 0.8541666666666666 0.521484375 0.0020833333333333333 0.00234375
0 0.8484375 0.521484375 0.003125 0.00234375
0 0.84375 0.521484375 0.0020833333333333333 0.00234375
0 0.828125 0.52109375 0.0020833333333333333 0.0015625
0 0.8229166666666666 0.52109375 0.0020833333333333333 0.0015625
0 0.8177083333333334 0.52109375 0.0020833333333333333 0.0015625
0 0.8020833333333334 0.52109375 0.0020833333333333333 0.0015625
0 0.796875 0.52109375 0.0020833333333333333 0.0015625
0 0.7869791666666667 0.52109375 0.003125 0.0015625
0 0.771875 0.520703125 0.0020833333333333333 0.00078125
0 0.9213541666666667 0.524609375 0.007291666666666667 0.01015625
0 0.8953125 0.525 0.013541666666666667 0.0109375
0 0.8385416666666666 0.520703125 0.0020833333333333333 0.00234375
0 0.8333333333333334 0.520703125 0.0020833333333333333 0.00234375
0 0.8125 0.520703125 0.0020833333333333333 0.00234375
0 0.8072916666666666 0.520703125 0.0020833333333333333 0.00234375
0 0.7817708333333333 0.520703125 0.003125 0.00234375
0 0.7666666666666667 0.520703125 0.0020833333333333333 0.00234375
0 0.7614583333333333 0.520703125 0.0020833333333333333 0.00234375
0 0.7567708333333333 0.520703125 0.003125 0.00234375
0 0.7463541666666667 0.520703125 0.003125 0.00234375
0 0.7416666666666667 0.520703125 0.0020833333333333333 0.00234375
0 0.7307291666666667 0.520703125 0.003125 0.00234375
0 0.9442708333333333 0.522265625 0.005208333333333333 0.01484375
0 0.9104166666666667 0.52265625 0.00625 0.015625
0 0.7302083333333333 0.51484375 0.0020833333333333333 0.0015625
0 0.6869791666666667 0.517578125 0.005208333333333333 0.00703125
0 0.6630208333333333 0.517578125 0.009375 0.00703125
0 0.6520833333333333 0.517578125 0.0020833333333333333 0.00703125
0 0.63125 0.517578125 0.008333333333333333 0.00703125
0 0.6786458333333333 0.517578125 0.009375 0.00859375
0 0.6447916666666667 0.51875 0.008333333333333333 0.0109375
0 0.6380208333333334 0.5171875 0.003125 0.0078125
0 0.621875 0.5171875 0.008333333333333333 0.0078125
0 0.6145833333333334 0.5171875 0.0020833333333333333 0.0078125
0 0.6708333333333333 0.516796875 0.004166666666666667 0.00859375
0 0.65625 0.516015625 0.0020833333333333333 0.01015625
0 0.6520833333333333 0.51171875 0.0020833333333333333 0.0015625
0 0.6380208333333334 0.51171875 0.003125 0.0015625
0 0.6145833333333334 0.51171875 0.0020833333333333333 0.0015625
0 0.48854166666666665 0.5046875 0.0020833333333333333 0.0015625
0 0.484375 0.5046875 0.0020833333333333333 0.0015625
0 0.4791666666666667 0.5046875 0.0020833333333333333 0.0015625
0 0.4739583333333333 0.5046875 0.0020833333333333333 0.0015625
0 0.46927083333333336 0.5046875 0.003125 0.0015625
0 0.4640625 0.5046875 0.003125 0.0015625
0 0.45416666666666666 0.5046875 0.0020833333333333333 0.0015625
0 0.44895833333333335 0.5046875 0.0020833333333333333 0.0015625
0 0.4395833333333333 0.5046875 0.0020833333333333333 0.0015625
0 0.40989583333333335 0.5046875 0.003125 0.0015625
0 0.39479166666666665 0.5046875 0.0020833333333333333 0.0015625
0 0.459375 0.504296875 0.0020833333333333333 0.00234375
0 0.44427083333333334 0.504296875 0.003125 0.00234375
0 0.434375 0.504296875 0.0020833333333333333 0.00234375
0 0.42916666666666664 0.504296875 0.0020833333333333333 0.00234375
0 0.4239583333333333 0.504296875 0.0020833333333333333 0.00234375
0 0.4192708333333333 0.504296875 0.003125 0.00234375
0 0.41458333333333336 0.504296875 0.0020833333333333333 0.00234375
0 0.39947916666666666 0.504296875 0.003125 0.00234375
0 0.38958333333333334 0.504296875 0.0020833333333333333 0.00234375
0 0.3848958333333333 0.504296875 0.003125 0.00234375
0 0.3796875 0.504296875 0.003125 0.00234375
0 0.375 0.50390625 0.0020833333333333333 0.0015625
0 0.3697916666666667 0.504296875 0.0020833333333333333 0.00234375
0 0.3645833333333333 0.504296875 0.0020833333333333333 0.00234375
0 0.35989583333333336 0.504296875 0.003125 0.00234375
0 0.3453125 0.50390625 0.003125 0.0015625
0 0.3302083333333333 0.50390625 0.0020833333333333333 0.0015625
0 0.3203125 0.50390625 0.003125 0.0015625
0 0.3151041666666667 0.50390625 0.003125 0.0015625
0 0.3104166666666667 0.50390625 0.0020833333333333333 0.0015625
0 0.30572916666666666 0.50390625 0.003125 0.0015625
0 0.30052083333333335 0.50390625 0.003125 0.0015625
0 0.2755208333333333 0.50390625 0.003125 0.0015625
0 0.24583333333333332 0.50390625 0.0020833333333333333 0.0015625
0 0.22604166666666667 0.50390625 0.0020833333333333333 0.0015625
0 0.8442708333333333 0.512109375 0.11354166666666667 0.02265625
0 0.7005208333333334 0.502734375 0.009375 0.00703125
0 0.6776041666666667 0.502734375 0.005208333333333333 0.00703125
0 0.6854166666666667 0.50234375 0.008333333333333333 0.0078125
0 0.6692708333333334 0.50234375 0.007291666666666667 0.0078125
0 0.6541666666666667 0.50234375 0.008333333333333333 0.0078125
0 0.64375 0.50234375 0.008333333333333333 0.0078125
0 0.6338541666666667 0.503515625 0.009375 0.01015625
0 0.6270833333333333 0.501953125 0.0020833333333333333 0.00703125
0 0.7713541666666667 0.509375 0.046875 0.025
0 0.6614583333333334 0.5015625 0.004166666666666667 0.009375
0 0.2265625 0.498046875 0.003125 0.00234375
0 0.209375 0.50078125 0.008333333333333333 0.0078125
0 0.1609375 0.50078125 0.009375 0.0078125
0 0.11302083333333333 0.50078125 0.009375 0.0078125
0 0.103125 0.500390625 0.008333333333333333 0.00703125
0 0.09635416666666667 0.500390625 0.005208333333333333 0.00703125
0 0.0875 0.500390625 0.008333333333333333 0.00703125
0 0.07760416666666667 0.500390625 0.009375 0.00703125
0 0.7088541666666667 0.501171875 0.005208333333333333 0.01015625
0 0.6270833333333333 0.496875 0.0020833333333333333 0.0015625
0 0.61875 0.501171875 0.010416666666666666 0.01015625
0 0.20208333333333334 0.499609375 0.0020833333333333333 0.01015625
0 0.19791666666666666 0.499609375 0.004166666666666667 0.01015625
0 0.18802083333333333 0.499609375 0.013541666666666667 0.01015625
0 0.14583333333333334 0.499609375 0.01875 0.01015625
0 0.2640625 0.499609375 0.028125 0.01171875
0 0.1734375 0.49921875 0.005208333333333333 0.0109375
0 0.1296875 0.49921875 0.011458333333333333 0.0109375
0 0.06614583333333333 0.498828125 0.011458333333333333 0.01015625
0 0.32135416666666666 0.498046875 0.011458333333333333 0.01328125
0 0.29583333333333334 0.498046875 0.03333333333333333 0.01328125
0 0.5359375 0.4984375 0.09895833333333333 0.015625
0 0.35260416666666666 0.498046875 0.007291666666666667 0.01484375
0 0.33697916666666666 0.498046875 0.011458333333333333 0.01484375
0 0.4390625 0.49609375 0.04479166666666667 0.0125
0 0.47604166666666664 0.494921875 0.01875 0.01484375
0 0.4041666666666667 0.496484375 0.01875 0.01796875
0 0.378125 0.49453125 0.016666666666666666 0.015625
0 0.90625 0.46796875 0.0020833333333333333 0.0015625
0 0.9010416666666666 0.46796875 0.0020833333333333333 0.0015625
0 0.8958333333333334 0.46796875 0.0020833333333333333 0.0015625
0 0.890625 0.46796875 0.0020833333333333333 0.0015625
0 0.8854166666666666 0.46796875 0.0020833333333333333 0.0015625
0 0.8802083333333334 0.46796875 0.0020833333333333333 0.0015625
0 0.875 0.46796875 0.0020833333333333333 0.0015625
0 0.8703125 0.46796875 0.003125 0.0015625
0 0.8135416666666667 0.46796875 0.0020833333333333333 0.0015625
0 0.8083333333333333 0.46796875 0.0020833333333333333 0.0015625
0 0.7984375 0.46796875 0.003125 0.0015625
0 0.7927083333333333 0.46796875 0.0020833333333333333 0.0015625
0 0.771875 0.46796875 0.0020833333333333333 0.0015625
0 0.7572916666666667 0.46796875 0.0020833333333333333 0.0015625
0 0.73125 0.46796875 0.0020833333333333333 0.0015625
0 0.578125 0.467578125 0.0020833333333333333 0.00234375
0 0.5729166666666666 0.467578125 0.0020833333333333333 0.00234375
0 0.56875 0.4671875 0.0020833333333333333 0.0015625
0 0.5635416666666667 0.4671875 0.0020833333333333333 0.0015625
0 0.5583333333333333 0.4671875 0.0020833333333333333 0.0015625
0 0.5536458333333333 0.4671875 0.003125 0.0015625
0 0.5484375 0.4671875 0.003125 0.0015625
0 0.54375 0.4671875 0.0020833333333333333 0.0015625
0 0.5385416666666667 0.4671875 0.0020833333333333333 0.0015625
0 0.5333333333333333 0.4671875 0.0020833333333333333 0.0015625
0 0.5286458333333334 0.4671875 0.003125 0.0015625
0 0.5234375 0.4671875 0.003125 0.0015625
0 0.51875 0.4671875 0.0020833333333333333 0.0015625
0 0.5140625 0.4671875 0.003125 0.0015625
0 0.509375 0.4671875 0.0020833333333333333 0.0015625
0 0.5041666666666667 0.4671875 0.0020833333333333333 0.0015625
0 0.49895833333333334 0.4671875 0.0020833333333333333 0.0015625
0 0.49375 0.4671875 0.0020833333333333333 0.0015625
0 0.4890625 0.4671875 0.003125 0.0015625
0 0.484375 0.4671875 0.0020833333333333333 0.0015625
0 0.4791666666666667 0.4671875 0.0020833333333333333 0.0015625
0 0.4739583333333333 0.4671875 0.0020833333333333333 0.0015625
0 0.46927083333333336 0.4671875 0.003125 0.0015625
0 0.46458333333333335 0.4671875 0.0020833333333333333 0.0015625
0 0.459375 0.4671875 0.0020833333333333333 0.0015625
0 0.434375 0.4671875 0.0020833333333333333 0.0015625
0 0.4296875 0.4671875 0.003125 0.0015625
0 0.425 0.4671875 0.0020833333333333333 0.0015625
0 0.4197916666666667 0.4671875 0.0020833333333333333 0.0015625
0 0.3703125 0.466796875 0.003125 0.00234375
0 0.3651041666666667 0.466796875 0.003125 0.00234375
0 0.36041666666666666 0.466796875 0.0020833333333333333 0.00234375
0 0.315625 0.46640625 0.0020833333333333333 0.0015625
0 0.3104166666666667 0.46640625 0.0020833333333333333 0.0015625
0 0.30104166666666665 0.46640625 0.0020833333333333333 0.0015625
0 0.25104166666666666 0.46640625 0.0020833333333333333 0.0015625
0 0.24583333333333332 0.46640625 0.0020833333333333333 0.0015625
0 0.2265625 0.46640625 0.003125 0.0015625
0 0.2786458333333333 0.466015625 0.007291666666666667 0.00234375
0 0.30572916666666666 0.465625 0.003125 0.003125
0 0.8520833333333333 0.4671875 0.029166666666666667 0.0125
0 0.7307291666666667 0.46171875 0.003125 0.0015625
0 0.6463541666666667 0.46484375 0.009375 0.0078125
0 0.63125 0.46484375 0.008333333333333333 0.0078125
0 0.8255208333333334 0.4640625 0.019791666666666666 0.009375
0 0.790625 0.4640625 0.01875 0.009375
0 0.6390625 0.4640625 0.005208333333333333 0.009375
0 0.2265625 0.460546875 0.003125 0.00234375
0 0.14947916666666666 0.46328125 0.009375 0.0078125
0 0.13645833333333332 0.462890625 0.0125 0.00703125
0 0.12135416666666667 0.462890625 0.013541666666666667 0.00703125
0 0.10833333333333334 0.462890625 0.008333333333333333 0.00703125
0 0.1015625 0.462890625 0.005208333333333333 0.00703125
0 0.0875 0.4640625 0.01875 0.009375
0 0.07447916666666667 0.462890625 0.005208333333333333 0.00703125
0 0.6197916666666666 0.463671875 0.010416666666666666 0.01015625
0 0.7494791666666667 0.46328125 0.017708333333333333 0.0109375
0 0.440625 0.462890625 0.0125 0.01015625
0 0.3260416666666667 0.46171875 0.0125 0.0109375
0 0.065625 0.4609375 0.010416666666666666 0.009375
0 0.340625 0.46171875 0.0125 0.0125
0 0.42239583333333336 0.461328125 0.017708333333333333 0.01328125
0 0.35625 0.461328125 0.014583333333333334 0.01328125
0 0.4010416666666667 0.462109375 0.027083333333333334 0.01640625
0 0.290625 0.4609375 0.0125 0.0140625
0 0.2630208333333333 0.461328125 0.017708333333333333 0.01640625
0 0.8072916666666666 0.460546875 0.010416666666666666 0.01640625
0 0.3807291666666667 0.4609375 0.013541666666666667 0.0171875
0 0.7666666666666667 0.46015625 0.016666666666666666 0.0171875
0 0.4510416666666667 0.460546875 0.008333333333333333 0.01953125
0 0.7791666666666667 0.459375 0.010416666666666666 0.01875
0 0.39479166666666665 0.446875 0.010416666666666666 0.009375
0 0.9067708333333333 0.4296875 0.003125 0.0015625
0 0.9015625 0.4296875 0.003125 0.0015625
0 0.8963541666666667 0.4296875 0.003125 0.0015625
0 0.8916666666666667 0.4296875 0.0020833333333333333 0.0015625
0 0.8859375 0.4296875 0.003125 0.0015625
0 0.88125 0.4296875 0.0020833333333333333 0.0015625
0 0.8760416666666667 0.4296875 0.0020833333333333333 0.0015625
0 0.8708333333333333 0.4296875 0.0020833333333333333 0.0015625
0 0.865625 0.4296875 0.0020833333333333333 0.0015625
0 0.8604166666666667 0.4296875 0.0020833333333333333 0.0015625
0 0.8552083333333333 0.4296875 0.0020833333333333333 0.0015625
0 0.85 0.4296875 0.0020833333333333333 0.0015625
0 0.8036458333333333 0.4296875 0.003125 0.0015625
0 0.7932291666666667 0.4296875 0.003125 0.0015625
0 0.746875 0.4296875 0.0020833333333333333 0.0015625
0 0.7416666666666667 0.4296875 0.0020833333333333333 0.0015625
0 0.73125 0.4296875 0.0020833333333333333 0.0015625
0 0.5786458333333333 0.4296875 0.003125 0.0015625
0 0.5734375 0.4296875 0.003125 0.0015625
0 0.56875 0.4296875 0.0020833333333333333 0.0015625
0 0.5635416666666667 0.4296875 0.0020833333333333333 0.0015625
0 0.5583333333333333 0.4296875 0.0020833333333333333 0.0015625
0 0.5541666666666667 0.4296875 0.0020833333333333333 0.0015625
0 0.5489583333333333 0.4296875 0.0020833333333333333 0.0015625
0 0.54375 0.4296875 0.0020833333333333333 0.0015625
0 0.5385416666666667 0.4296875 0.0020833333333333333 0.0015625
0 0.5338541666666666 0.4296875 0.0010416666666666667 0.0015625
0 0.5291666666666667 0.4296875 0.0020833333333333333 0.0015625
0 0.5239583333333333 0.4296875 0.0020833333333333333 0.0015625
0 0.51875 0.4296875 0.0020833333333333333 0.0015625
0 0.5140625 0.4296875 0.003125 0.0015625
0 0.509375 0.4296875 0.0020833333333333333 0.0015625
0 0.5041666666666667 0.4296875 0.0020833333333333333 0.0015625
0 0.49895833333333334 0.4296875 0.0020833333333333333 0.0015625
0 0.4942708333333333 0.4296875 0.003125 0.0015625
0 0.4895833333333333 0.4296875 0.0020833333333333333 0.0015625
0 0.484375 0.4296875 0.0020833333333333333 0.0015625
0 0.4791666666666667 0.4296875 0.0020833333333333333 0.0015625
0 0.4739583333333333 0.4296875 0.0020833333333333333 0.0015625
0 0.46979166666666666 0.4296875 0.0020833333333333333 0.0015625
0 0.46458333333333335 0.4296875 0.0020833333333333333 0.0015625
0 0.459375 0.4296875 0.0020833333333333333 0.0015625
0 0.45416666666666666 0.4296875 0.0020833333333333333 0.0015625
0 0.44947916666666665 0.4296875 0.003125 0.0015625
0 0.44479166666666664 0.4296875 0.0020833333333333333 0.0015625
0 0.425 0.4296875 0.0020833333333333333 0.0015625
0 0.4197916666666667 0.4296875 0.0020833333333333333 0.0015625
0 0.40520833333333334 0.4296875 0.0020833333333333333 0.0015625
0 0.40989583333333335 0.429296875 0.0010416666666666667 0.00234375
0 0.3802083333333333 0.429296875 0.0020833333333333333 0.00234375
0 0.340625 0.42890625 0.0020833333333333333 0.0015625
0 0.3260416666666667 0.429296875 0.0020833333333333333 0.00234375
0 0.32083333333333336 0.42890625 0.0020833333333333333 0.0015625
0 0.30572916666666666 0.42890625 0.003125 0.0015625
0 0.30104166666666665 0.42890625 0.0020833333333333333 0.0015625
0 0.29583333333333334 0.42890625 0.0020833333333333333 0.0015625
0 0.25104166666666666 0.42890625 0.0020833333333333333 0.0015625
0 0.24583333333333332 0.42890625 0.0020833333333333333 0.0015625
0 0.2265625 0.42890625 0.003125 0.0015625
0 0.4140625 0.42890625 0.003125 0.003125
0 0.73125 0.42421875 0.0020833333333333333 0.0015625
0 0.6541666666666667 0.426953125 0.008333333333333333 0.00703125
0 0.6453125 0.426953125 0.007291666666666667 0.00703125
0 0.6354166666666666 0.42734375 0.008333333333333333 0.0078125
0 0.8364583333333333 0.4265625 0.01875 0.0078125
0 0.22604166666666667 0.423046875 0.0020833333333333333 0.00234375
0 0.1828125 0.42578125 0.009375 0.0078125
0 0.1703125 0.42578125 0.013541666666666667 0.0078125
0 0.15729166666666666 0.42578125 0.008333333333333333 0.0078125
0 0.628125 0.42578125 0.0020833333333333333 0.009375
0 0.29270833333333335 0.425390625 0.00625 0.00859375
0 0.13020833333333334 0.425 0.008333333333333333 0.0078125
0 0.11145833333333334 0.425 0.008333333333333333 0.0078125
0 0.1015625 0.425 0.009375 0.0078125
0 0.08125 0.425 0.008333333333333333 0.0078125
0 0.7703125 0.425390625 0.011458333333333333 0.01015625
0 0.7567708333333333 0.425390625 0.013541666666666667 0.01015625
0 0.6197916666666666 0.42578125 0.0125 0.0109375
0 0.8010416666666667 0.425 0.05 0.0109375
0 0.3885416666666667 0.425390625 0.029166666666666667 0.01171875
0 0.11927083333333334 0.42421875 0.005208333333333333 0.009375
0 0.07395833333333333 0.42421875 0.004166666666666667 0.009375
0 0.35520833333333335 0.424609375 0.0125 0.01171875
0 0.14635416666666667 0.423828125 0.011458333333333333 0.01015625
0 0.12395833333333334 0.4203125 0.0020833333333333333 0.003125
0 0.09114583333333333 0.423828125 0.009375 0.01015625
0 0.06510416666666667 0.423828125 0.011458333333333333 0.01015625
0 0.36666666666666664 0.42421875 0.014583333333333334 0.0125
0 0.4348958333333333 0.422265625 0.013541666666666667 0.01640625
0 0.2708333333333333 0.4203125 0.035416666666666666 0.025
0 0.32916666666666666 0.41875 0.03958333333333333 0.0234375
0 0.2604166666666667 0.401171875 0.010416666666666666 0.01015625
0 0.49166666666666664 0.346484375 0.5 0.06328125
0 0.465625 0.28125 0.0125 0.0125
0 0.453125 0.28125 0.010416666666666666 0.0125
0 0.4395833333333333 0.28125 0.0125 0.0125
0 0.4265625 0.28125 0.013541666666666667 0.0125
0 0.4078125 0.280859375 0.013541666666666667 0.01171875
0 0.3927083333333333 0.280859375 0.014583333333333334 0.01171875
0 0.3692708333333333 0.280859375 0.03229166666666667 0.01171875
0 0.346875 0.28125 0.010416666666666666 0.0125
0 0.334375 0.28125 0.010416666666666666 0.0125
0 0.32083333333333336 0.280859375 0.0125 0.01171875
0 0.30833333333333335 0.28125 0.010416666666666666 0.0125
0 0.29635416666666664 0.28125 0.009375 0.0125
0 0.28177083333333336 0.280859375 0.015625 0.01171875
0 0.2635416666666667 0.280859375 0.010416666666666666 0.01171875
0 0.24895833333333334 0.280859375 0.014583333333333334 0.01171875
0 0.23333333333333334 0.280859375 0.014583333333333334 0.01171875
0 0.20625 0.280859375 0.0375 0.01171875
0 0.18020833333333333 0.280859375 0.0125 0.01171875
0 0.15 0.280859375 0.04583333333333333 0.01640625
0 0.146875 0.266015625 0.010416666666666666 0.01015625
0 0.6739583333333333 0.275 0.3729166666666667 0.0375
0 0.4505208333333333 0.246875 0.003125 0.0046875
0 0.6322916666666667 0.244921875 0.0020833333333333333 0.00234375
0 0.546875 0.2421875 0.00625 0.0015625
0 0.465625 0.241015625 0.014583333333333334 0.01171875
0 0.4322916666666667 0.241015625 0.029166666666666667 0.01171875
0 0.3828125 0.241015625 0.06770833333333333 0.01171875
0 0.6130208333333333 0.240234375 0.005208333333333333 0.01171875
0 0.6015625 0.240234375 0.009375 0.01171875
0 0.5848958333333333 0.240234375 0.009375 0.01171875
0 0.5729166666666666 0.240234375 0.008333333333333333 0.01171875
0 0.5625 0.240234375 0.010416666666666666 0.01171875
0 0.5307291666666667 0.240625 0.013541666666666667 0.0125
0 0.6239583333333333 0.23984375 0.010416666666666666 0.0125
0 0.4984375 0.241015625 0.04895833333333333 0.01640625
0 0.5921875 0.222265625 0.005208333333333333 0.00546875
0 0.3359375 0.21875 0.005208333333333333 0.009375
0 0.5677083333333334 0.21796875 0.004166666666666667 0.009375
0 0.559375 0.21796875 0.008333333333333333 0.009375
0 0.5505208333333333 0.21796875 0.007291666666666667 0.009375
0 0.5411458333333333 0.21796875 0.009375 0.009375
0 0.5286458333333334 0.21796875 0.011458333333333333 0.009375
0 0.5192708333333333 0.21796875 0.005208333333333333 0.009375
0 0.5088541666666667 0.21796875 0.011458333333333333 0.009375
0 0.4739583333333333 0.21796875 0.010416666666666666 0.009375
0 0.4140625 0.21796875 0.011458333333333333 0.009375
0 0.3765625 0.218359375 0.009375 0.01015625
0 0.35885416666666664 0.21796875 0.009375 0.009375
0 0.3494791666666667 0.21796875 0.005208333333333333 0.009375
0 0.6817708333333333 0.2171875 0.005208333333333333 0.009375
0 0.6729166666666667 0.2171875 0.010416666666666666 0.009375
0 0.6541666666666667 0.2171875 0.025 0.009375
0 0.6364583333333333 0.2171875 0.010416666666666666 0.009375
0 0.36770833333333336 0.2171875 0.00625 0.0109375
0 0.58125 0.21875 0.01875 0.015625
0 0.4046875 0.216796875 0.007291666666666667 0.01171875
0 0.3072916666666667 0.216796875 0.016666666666666666 0.01328125
0 0.2947916666666667 0.218359375 0.00625 0.01640625
0 0.49375 0.2203125 0.01875 0.021875
0 0.446875 0.216015625 0.041666666666666664 0.01328125
0 0.3880208333333333 0.216015625 0.011458333333333333 0.01328125
0 0.3494791666666667 0.210546875 0.003125 0.00234375
0 0.34270833333333334 0.21640625 0.004166666666666667 0.0140625
0 0.32760416666666664 0.21640625 0.019791666666666666 0.0140625
0 0.6895833333333333 0.216796875 0.00625 0.01640625
0 0.6817708333333333 0.209375 0.003125 0.0015625
0 0.625 0.215234375 0.0125 0.01328125
0 0.6098958333333333 0.215625 0.015625 0.0140625
0 0.5682291666666667 0.209765625 0.003125 0.00234375
0 0.5192708333333333 0.209765625 0.003125 0.00234375
0 0.5875 0.193359375 0.00625 0.01640625
0 0.5765625 0.191796875 0.011458333333333333 0.01328125
0 0.5604166666666667 0.191796875 0.016666666666666666 0.01328125
0 0.5416666666666666 0.191796875 0.016666666666666666 0.01328125
0 0.521875 0.191796875 0.020833333333333332 0.01328125
0 0.5020833333333333 0.191796875 0.016666666666666666 0.01328125
0 0.48333333333333334 0.191796875 0.016666666666666666 0.01328125
0 0.465625 0.191796875 0.016666666666666666 0.01328125
0 0.45 0.191796875 0.014583333333333334 0.01328125
0 0.43333333333333335 0.1921875 0.016666666666666666 0.0140625
0 0.41510416666666666 0.191796875 0.017708333333333333 0.01328125
0 0.4015625 0.19375 0.007291666666666667 0.0171875
0 0.2604166666666667 0.165234375 0.01875 0.01640625
0 0.2375 0.165234375 0.022916666666666665 0.01640625
0 0.21458333333333332 0.165234375 0.01875 0.01640625
0 0.19427083333333334 0.165234375 0.017708333333333333 0.01640625
0 0.1734375 0.165234375 0.017708333333333333 0.01640625
0 0.403125 0.1640625 0.010416666666666666 0.015625
0 0.36041666666666666 0.164453125 0.020833333333333332 0.01640625
0 0.3390625 0.164453125 0.017708333333333333 0.01640625
0 0.3125 0.164453125 0.01875 0.01640625
0 0.290625 0.16484375 0.022916666666666665 0.0171875
0 0.859375 0.163671875 0.022916666666666665 0.01640625
0 0.8354166666666667 0.163671875 0.022916666666666665 0.01640625
0 0.8104166666666667 0.163671875 0.022916666666666665 0.01640625
0 0.6708333333333333 0.16328125 0.01875 0.015625
0 0.6494791666666667 0.16328125 0.019791666666666666 0.015625
0 0.5203125 0.163671875 0.021875 0.01640625
0 0.49166666666666664 0.163671875 0.03333333333333333 0.01640625
0 0.4635416666666667 0.163671875 0.01875 0.01640625
0 0.4427083333333333 0.163671875 0.01875 0.01640625
0 0.4203125 0.163671875 0.021875 0.01640625
0 0.384375 0.1640625 0.022916666666666665 0.0171875
0 0.6927083333333334 0.16328125 0.020833333333333332 0.0171875
0 0.596875 0.16328125 0.06666666666666667 0.0171875
0 0.5447916666666667 0.16328125 0.022916666666666665 0.0171875
0 0.1390625 0.165234375 0.04895833333333333 0.02109375
0 0.7510416666666667 0.1640625 0.09166666666666666 0.0203125
0 0.7536458333333333 0.154296875 0.0010416666666666667 0.00078125
0 0.121875 0.150390625 0.010416666666666666 0.00546875
0 0.14479166666666668 0.148828125 0.010416666666666666 0.01015625
0 0.12135416666666667 0.145703125 0.009375 0.00546875
0 0.759375 0.147265625 0.010416666666666666 0.01015625
0 0.42552083333333335 0.124609375 0.028125 0.02421875
0 0.39375 0.124609375 0.03333333333333333 0.02421875
0 0.5895833333333333 0.123828125 0.03333333333333333 0.02421875
0 0.5552083333333333 0.123828125 0.03333333333333333 0.02421875
0 0.521875 0.123828125 0.029166666666666667 0.02421875
0 0.4895833333333333 0.123828125 0.03333333333333333 0.02421875
0 0.45729166666666665 0.123828125 0.029166666666666667 0.02421875
0 0.5208333333333334 0.043359375 0.0020833333333333333 0.00078125
0 0.4588541666666667 0.031640625 0.0010416666666666667 0.00078125
0 0.44947916666666665 0.030859375 0.0010416666666666667 0.00078125
0 0.5286458333333334 0.023828125 0.0010416666666666667 0.00234375
0 0.4661458333333333 0.023046875 0.0010416666666666667 0.00078125
0 0.49166666666666664 0.058984375 0.10833333333333334 0.07578125
0 0.48385416666666664 0.019140625 0.0010416666666666667 0.00078125
0 0.48072916666666665 0.017578125 0.021875 0.00703125
0 0.5020833333333333 0.0171875 0.01875 0.0078125
