0 0.5875 0.99375 0.03333333333333333 0.0125
0 0.5671875 0.987890625 0.0010416666666666667 0.00078125
0 0.6328125 0.975390625 0.0010416666666666667 0.00078125
0 0.5822916666666667 0.974609375 0.0020833333333333333 0.00078125
0 0.5661458333333333 0.974609375 0.0010416666666666667 0.00078125
0 0.715625 0.876171875 0.0020833333333333333 0.00078125
0 0.4895833333333333 0.932421875 0.8833333333333333 0.11328125
0 0.7625 0.854296875 0.008333333333333333 0.00078125
0 0.6786458333333333 0.7171875 0.459375 0.271875
0 0.25 0.716015625 0.3541666666666667 0.26953125
0 0.8828125 0.5375 0.003125 0.0015625
0 0.8536458333333333 0.5375 0.003125 0.0015625
0 0.8484375 0.5375 0.003125 0.0015625
0 0.84375 0.5375 0.0020833333333333333 0.0015625
0 0.8385416666666666 0.5375 0.0020833333333333333 0.0015625
0 0.7989583333333333 0.5375 0.0020833333333333333 0.0015625
0 0.7895833333333333 0.5375 0.0020833333333333333 0.0015625
0 0.7848958333333333 0.5375 0.003125 0.0015625
0 0.7604166666666666 0.5375 0.0020833333333333333 0.0015625
0 0.7557291666666667 0.5375 0.003125 0.0015625
0 0.7510416666666667 0.5375 0.0020833333333333333 0.0015625
0 0.7458333333333333 0.5375 0.0020833333333333333 0.0015625
0 0.73125 0.5375 0.0020833333333333333 0.0015625
0 0.7208333333333333 0.5375 0.0020833333333333333 0.0015625
0 0.7359375 0.537109375 0.003125 0.00234375
0 0.9234375 0.537890625 0.019791666666666666 0.00859375
0 0.8932291666666666 0.539453125 0.013541666666666667 0.01171875
0 0.7208333333333333 0.53203125 0.0020833333333333333 0.0015625
0 0.6786458333333333 0.534375 0.005208333333333333 0.00625
0 0.6708333333333333 0.534765625 0.008333333333333333 0.00703125
0 0.65625 0.534765625 0.008333333333333333 0.00703125
0 0.6458333333333334 0.534375 0.0020833333333333333 0.00625
0 0.6385416666666667 0.5359375 0.008333333333333333 0.009375
0 0.6322916666666667 0.534375 0.0020833333333333333 0.00625
0 0.6260416666666667 0.534375 0.008333333333333333 0.00625
0 0.6104166666666667 0.534375 0.0020833333333333333 0.00625
0 0.9078125 0.5375 0.009375 0.0140625
0 0.6166666666666667 0.533984375 0.008333333333333333 0.00703125
0 0.6635416666666667 0.53359375 0.004166666666666667 0.009375
0 0.6322916666666667 0.529296875 0.0020833333333333333 0.00078125
0 0.65 0.5328125 0.0020833333333333333 0.009375
0 0.6458333333333334 0.529296875 0.0020833333333333333 0.00234375
0 0.6104166666666667 0.52890625 0.0020833333333333333 0.0015625
0 0.9489583333333333 0.536328125 0.025 0.01953125
0 0.5744791666666667 0.52265625 0.0010416666666666667 0.0015625
0 0.5697916666666667 0.52265625 0.0020833333333333333 0.0015625
0 0.5651041666666666 0.52265625 0.003125 0.0015625
0 0.5604166666666667 0.52265625 0.0020833333333333333 0.0015625
0 0.5552083333333333 0.52265625 0.0020833333333333333 0.0015625
0 0.5510416666666667 0.52265625 0.0020833333333333333 0.0015625
0 0.5458333333333333 0.52265625 0.0020833333333333333 0.0015625
0 0.5411458333333333 0.52265625 0.0010416666666666667 0.0015625
0 0.5364583333333334 0.52265625 0.0020833333333333333 0.0015625
0 0.5317708333333333 0.52265625 0.003125 0.0015625
0 0.5270833333333333 0.52265625 0.0020833333333333333 0.0015625
0 0.5223958333333333 0.52265625 0.003125 0.0015625
0 0.5177083333333333 0.52265625 0.0020833333333333333 0.0015625
0 0.5125 0.52265625 0.0020833333333333333 0.0015625
0 0.5083333333333333 0.52265625 0.0020833333333333333 0.0015625
0 0.503125 0.52265625 0.0020833333333333333 0.0015625
0 0.4984375 0.52265625 0.003125 0.0015625
0 0.49375 0.52265625 0.0020833333333333333 0.0015625
0 0.48854166666666665 0.52265625 0.0020833333333333333 0.0015625
0 0.484375 0.52265625 0.0020833333333333333 0.0015625
0 0.403125 0.52265625 0.0020833333333333333 0.0015625
0 0.37916666666666665 0.52265625 0.0020833333333333333 0.0015625
0 0.375 0.52265625 0.0020833333333333333 0.0015625
0 0.3651041666666667 0.52265625 0.003125 0.0015625
0 0.33125 0.52265625 0.0020833333333333333 0.0015625
0 0.321875 0.52265625 0.0020833333333333333 0.0015625
0 0.3072916666666667 0.52265625 0.0020833333333333333 0.0015625
0 0.23645833333333333 0.52265625 0.0020833333333333333 0.0015625
0 0.8140625 0.5296875 0.14895833333333333 0.021875
0 0.6921875 0.5203125 0.009375 0.0078125
0 0.6776041666666667 0.519921875 0.009375 0.00703125
0 0.6703125 0.519921875 0.005208333333333333 0.00703125
0 0.6619791666666667 0.519921875 0.007291666666666667 0.00703125
0 0.6473958333333333 0.519921875 0.009375 0.00703125
0 0.6380208333333334 0.519921875 0.007291666666666667 0.00703125
0 0.628125 0.521484375 0.008333333333333333 0.01015625
0 0.621875 0.519921875 0.0020833333333333333 0.00703125
0 0.23645833333333333 0.5171875 0.0020833333333333333 0.0015625
0 0.2203125 0.519921875 0.009375 0.00703125
0 0.20520833333333333 0.519921875 0.0020833333333333333 0.00703125
0 0.17395833333333333 0.519921875 0.008333333333333333 0.00703125
0 0.12708333333333333 0.519921875 0.008333333333333333 0.00703125
0 0.11510416666666666 0.519921875 0.013541666666666667 0.00703125
0 0.10260416666666666 0.519921875 0.007291666666666667 0.00703125
0 0.09270833333333334 0.519921875 0.008333333333333333 0.00703125
0 0.6552083333333333 0.519140625 0.004166666666666667 0.00859375
0 0.7 0.51875 0.004166666666666667 0.009375
0 0.6213541666666667 0.51484375 0.0010416666666666667 0.0015625
0 0.6135416666666667 0.51875 0.010416666666666666 0.009375
0 0.21354166666666666 0.51875 0.0020833333333333333 0.009375
0 0.209375 0.51875 0.004166666666666667 0.009375
0 0.159375 0.51875 0.01875 0.009375
0 0.19947916666666668 0.518359375 0.013541666666666667 0.01015625
0 0.1859375 0.518359375 0.005208333333333333 0.01015625
0 0.14322916666666666 0.518359375 0.011458333333333333 0.01015625
0 0.08177083333333333 0.518359375 0.011458333333333333 0.01015625
0 0.3182291666666667 0.51796875 0.019791666666666666 0.0109375
0 0.3359375 0.517578125 0.013541666666666667 0.01171875
0 0.36875 0.5171875 0.004166666666666667 0.0125
0 0.29635416666666664 0.5171875 0.017708333333333333 0.0125
0 0.2786458333333333 0.517578125 0.015625 0.01328125
0 0.26197916666666665 0.5171875 0.017708333333333333 0.0125
0 0.3536458333333333 0.517578125 0.017708333333333333 0.01484375
0 0.3921875 0.516796875 0.017708333333333333 0.01640625
0 0.4895833333333333 0.525390625 0.17083333333333334 0.03671875
0 0.8239583333333333 0.48671875 0.0020833333333333333 0.0015625
0 0.7947916666666667 0.48671875 0.0020833333333333333 0.0015625
0 0.7854166666666667 0.48671875 0.0020833333333333333 0.0015625
0 0.7708333333333334 0.48671875 0.0020833333333333333 0.0015625
0 0.765625 0.48671875 0.0020833333333333333 0.0015625
0 0.7557291666666667 0.48671875 0.0010416666666666667 0.0015625
0 0.7510416666666667 0.48671875 0.0020833333333333333 0.0015625
0 0.7208333333333333 0.48671875 0.0020833333333333333 0.0015625
0 0.575 0.48671875 0.0020833333333333333 0.0015625
0 0.5697916666666667 0.48671875 0.0020833333333333333 0.0015625
0 0.565625 0.48671875 0.0020833333333333333 0.0015625
0 0.5604166666666667 0.48671875 0.0020833333333333333 0.0015625
0 0.5557291666666667 0.48671875 0.003125 0.0015625
0 0.5510416666666667 0.48671875 0.0020833333333333333 0.0015625
0 0.5458333333333333 0.48671875 0.0020833333333333333 0.0015625
0 0.5416666666666666 0.48671875 0.0020833333333333333 0.0015625
0 0.5364583333333334 0.48671875 0.0020833333333333333 0.0015625
0 0.53125 0.48671875 0.0020833333333333333 0.0015625
0 0.5270833333333333 0.48671875 0.0020833333333333333 0.0015625
0 0.521875 0.48671875 0.0020833333333333333 0.0015625
0 0.5177083333333333 0.48671875 0.0020833333333333333 0.0015625
0 0.5125 0.48671875 0.0020833333333333333 0.0015625
0 0.5078125 0.48671875 0.003125 0.0015625
0 0.503125 0.48671875 0.0020833333333333333 0.0015625
0 0.48854166666666665 0.48671875 0.0020833333333333333 0.0015625
0 0.46510416666666665 0.48671875 0.003125 0.0015625
0 0.4552083333333333 0.48671875 0.0020833333333333333 0.0015625
0 0.4510416666666667 0.48671875 0.0020833333333333333 0.0015625
0 0.44166666666666665 0.48671875 0.0020833333333333333 0.0015625
0 0.42239583333333336 0.48671875 0.003125 0.0015625
0 0.4036458333333333 0.48671875 0.003125 0.0015625
0 0.39375 0.48671875 0.0020833333333333333 0.0015625
0 0.3703125 0.48671875 0.003125 0.0015625
0 0.3651041666666667 0.48671875 0.003125 0.0015625
0 0.30833333333333335 0.48671875 0.0020833333333333333 0.0015625
0 0.303125 0.48671875 0.0020833333333333333 0.0015625
0 0.2984375 0.48671875 0.003125 0.0015625
0 0.8880208333333334 0.486328125 0.003125 0.00234375
0 0.73125 0.486328125 0.0020833333333333333 0.00234375
0 0.41302083333333334 0.486328125 0.003125 0.00234375
0 0.3458333333333333 0.486328125 0.0020833333333333333 0.00234375
0 0.2552083333333333 0.486328125 0.0020833333333333333 0.00234375
0 0.23645833333333333 0.486328125 0.0020833333333333333 0.00234375
0 0.8177083333333334 0.484765625 0.008333333333333333 0.00546875
0 0.7770833333333333 0.484765625 0.008333333333333333 0.00546875
0 0.7208333333333333 0.48125 0.0020833333333333333 0.0015625
0 0.6395833333333333 0.483984375 0.008333333333333333 0.00703125
0 0.625 0.483984375 0.008333333333333333 0.00703125
0 0.23645833333333333 0.48125 0.0020833333333333333 0.0015625
0 0.1625 0.483984375 0.008333333333333333 0.00703125
0 0.15052083333333333 0.48359375 0.013541666666666667 0.0078125
0 0.13541666666666666 0.48359375 0.0125 0.0078125
0 0.1203125 0.48359375 0.013541666666666667 0.0078125
0 0.10729166666666666 0.484765625 0.008333333333333333 0.01015625
0 0.09739583333333333 0.48359375 0.009375 0.0078125
0 0.09010416666666667 0.483203125 0.005208333333333333 0.00703125
0 0.6328125 0.4828125 0.005208333333333333 0.009375
0 0.85625 0.485546875 0.058333333333333334 0.01640625
0 0.8026041666666667 0.4828125 0.015625 0.0109375
0 0.6145833333333334 0.482421875 0.010416666666666666 0.01015625
0 0.08125 0.48203125 0.010416666666666666 0.009375
0 0.7890625 0.48203125 0.005208333333333333 0.0109375
0 0.4171875 0.48203125 0.005208333333333333 0.0109375
0 0.7494791666666667 0.482421875 0.03229166666666667 0.01328125
0 0.47604166666666664 0.48125 0.01875 0.0125
0 0.453125 0.48125 0.01875 0.0125
0 0.403125 0.48125 0.016666666666666666 0.0125
0 0.3536458333333333 0.48125 0.017708333333333333 0.0125
0 0.325 0.480859375 0.035416666666666666 0.01328125
0 0.4328125 0.48125 0.015625 0.015625
0 0.28958333333333336 0.48046875 0.01875 0.0140625
0 0.26927083333333335 0.480078125 0.023958333333333335 0.01640625
0 0.3802083333333333 0.4796875 0.020833333333333332 0.0171875
0 0.49166666666666664 0.480078125 0.01875 0.01953125
0 0.73125 0.45078125 0.0020833333333333333 0.0015625
0 0.575 0.45078125 0.0020833333333333333 0.0015625
0 0.5697916666666667 0.45078125 0.0020833333333333333 0.0015625
0 0.5645833333333333 0.45078125 0.0020833333333333333 0.0015625
0 0.5604166666666667 0.45078125 0.0020833333333333333 0.0015625
0 0.5557291666666667 0.45078125 0.003125 0.0015625
0 0.5510416666666667 0.45078125 0.0020833333333333333 0.0015625
0 0.5458333333333333 0.45078125 0.0020833333333333333 0.0015625
0 0.5411458333333333 0.45078125 0.003125 0.0015625
0 0.5364583333333334 0.45078125 0.0020833333333333333 0.0015625
0 0.53125 0.45078125 0.0020833333333333333 0.0015625
0 0.5270833333333333 0.45078125 0.0020833333333333333 0.0015625
0 0.521875 0.45078125 0.0020833333333333333 0.0015625
0 0.5177083333333333 0.45078125 0.0020833333333333333 0.0015625
0 0.5125 0.45078125 0.0020833333333333333 0.0015625
0 0.5078125 0.45078125 0.003125 0.0015625
0 0.503125 0.45078125 0.0020833333333333333 0.0015625
0 0.4979166666666667 0.45078125 0.0020833333333333333 0.0015625
0 0.49375 0.45078125 0.0020833333333333333 0.0015625
0 0.48854166666666665 0.45078125 0.0020833333333333333 0.0015625
0 0.484375 0.45078125 0.0020833333333333333 0.0015625
0 0.4791666666666667 0.45078125 0.0020833333333333333 0.0015625
0 0.4744791666666667 0.45078125 0.003125 0.0015625
0 0.46979166666666666 0.45078125 0.0020833333333333333 0.0015625
0 0.465625 0.45078125 0.0020833333333333333 0.0015625
0 0.46041666666666664 0.45078125 0.0020833333333333333 0.0015625
0 0.43645833333333334 0.45078125 0.0020833333333333333 0.0015625
0 0.42239583333333336 0.45078125 0.003125 0.0015625
0 0.4083333333333333 0.45078125 0.0020833333333333333 0.0015625
0 0.375 0.45078125 0.0020833333333333333 0.0015625
0 0.3416666666666667 0.45078125 0.0020833333333333333 0.0015625
0 0.32708333333333334 0.45078125 0.0020833333333333333 0.0015625
0 0.30833333333333335 0.45078125 0.0020833333333333333 0.0015625
0 0.29375 0.45078125 0.0020833333333333333 0.0015625
0 0.26979166666666665 0.45078125 0.0020833333333333333 0.0015625
0 0.2604166666666667 0.45078125 0.0020833333333333333 0.0015625
0 0.2557291666666667 0.45078125 0.003125 0.0015625
0 0.23697916666666666 0.45078125 0.003125 0.0015625
0 0.8880208333333334 0.45 0.0010416666666666667 0.0015625
0 0.8833333333333333 0.45 0.0020833333333333333 0.0015625
0 0.878125 0.45 0.0020833333333333333 0.0015625
0 0.8734375 0.45 0.003125 0.0015625
0 0.86875 0.45 0.0020833333333333333 0.0015625
0 0.8635416666666667 0.45 0.0020833333333333333 0.0015625
0 0.8588541666666667 0.45 0.0010416666666666667 0.0015625
0 0.8541666666666666 0.45 0.0020833333333333333 0.0015625
0 0.8489583333333334 0.45 0.0020833333333333333 0.0015625
0 0.84375 0.45 0.0020833333333333333 0.0015625
0 0.8291666666666667 0.45 0.0020833333333333333 0.0015625
0 0.8239583333333333 0.45 0.0020833333333333333 0.0015625
0 0.8 0.45 0.0020833333333333333 0.0015625
0 0.7947916666666667 0.45 0.0020833333333333333 0.0015625
0 0.7854166666666667 0.45 0.0020833333333333333 0.0015625
0 0.775 0.45 0.0020833333333333333 0.0015625
0 0.7208333333333333 0.45 0.0020833333333333333 0.0015625
0 0.3203125 0.448828125 0.007291666666666667 0.00546875
0 0.2875 0.4484375 0.008333333333333333 0.00625
0 0.646875 0.448046875 0.008333333333333333 0.00703125
0 0.6380208333333334 0.448046875 0.007291666666666667 0.00703125
0 0.6291666666666667 0.448046875 0.008333333333333333 0.00703125
0 0.23645833333333333 0.4453125 0.0020833333333333333 0.0015625
0 0.7208333333333333 0.444921875 0.0020833333333333333 0.00234375
0 0.19479166666666667 0.44765625 0.008333333333333333 0.0078125
0 0.1828125 0.44765625 0.013541666666666667 0.0078125
0 0.17083333333333334 0.447265625 0.008333333333333333 0.00703125
0 0.14375 0.447265625 0.008333333333333333 0.00703125
0 0.12604166666666666 0.447265625 0.008333333333333333 0.00703125
0 0.11614583333333334 0.447265625 0.009375 0.00703125
0 0.09635416666666667 0.447265625 0.007291666666666667 0.00703125
0 0.44375 0.447265625 0.027083333333333334 0.00859375
0 0.421875 0.446875 0.014583333333333334 0.009375
0 0.13385416666666666 0.446484375 0.005208333333333333 0.00859375
0 0.6223958333333334 0.446484375 0.003125 0.01015625
0 0.6140625 0.446484375 0.011458333333333333 0.01015625
0 0.159375 0.446484375 0.010416666666666666 0.01015625
0 0.1375 0.442578125 0.0020833333333333333 0.00234375
0 0.10625 0.44609375 0.008333333333333333 0.009375
0 0.0890625 0.44609375 0.005208333333333333 0.009375
0 0.8161458333333333 0.445703125 0.015625 0.01015625
0 0.7973958333333333 0.445703125 0.019791666666666666 0.01015625
0 0.759375 0.446484375 0.014583333333333334 0.01171875
0 0.08072916666666667 0.445703125 0.009375 0.01015625
0 0.7432291666666667 0.445703125 0.017708333333333333 0.01171875
0 0.7770833333333333 0.444921875 0.016666666666666666 0.01328125
0 0.8375 0.444140625 0.014583333333333334 0.01328125
0 0.4473958333333333 0.43984375 0.009375 0.0046875
0 0.37604166666666666 0.438671875 0.0020833333333333333 0.00234375
0 0.30416666666666664 0.444921875 0.020833333333333332 0.01484375
0 0.2708333333333333 0.44453125 0.020833333333333332 0.0140625
0 0.3645833333333333 0.44375 0.07083333333333333 0.0171875
0 0.40625 0.443359375 0.016666666666666666 0.01796875
0 0.490625 0.371484375 0.47708333333333336 0.06015625
0 0.465625 0.309375 0.0125 0.0109375
0 0.45364583333333336 0.309765625 0.009375 0.01171875
0 0.44114583333333335 0.309375 0.011458333333333333 0.0109375
0 0.428125 0.309375 0.0125 0.0109375
0 0.4114583333333333 0.309375 0.0125 0.0109375
0 0.396875 0.309765625 0.0125 0.01171875
0 0.38333333333333336 0.309375 0.0125 0.0109375
0 0.3671875 0.309375 0.017708333333333333 0.0109375
0 0.35208333333333336 0.309765625 0.010416666666666666 0.01171875
0 0.34010416666666665 0.309375 0.009375 0.0109375
0 0.328125 0.309375 0.0125 0.0109375
0 0.315625 0.309375 0.010416666666666666 0.0109375
0 0.30364583333333334 0.309375 0.009375 0.0109375
0 0.290625 0.309375 0.014583333333333334 0.0109375
0 0.27239583333333334 0.308984375 0.009375 0.01171875
0 0.25885416666666666 0.308984375 0.013541666666666667 0.01171875
0 0.24375 0.308984375 0.014583333333333334 0.01171875
0 0.2171875 0.308984375 0.036458333333333336 0.01171875
0 0.18385416666666668 0.30859375 0.028125 0.0109375
0 0.16197916666666667 0.30859375 0.013541666666666667 0.0109375
0 0.146875 0.308203125 0.0125 0.01171875
0 0.6645833333333333 0.300390625 0.35625 0.04296875
0 0.4515625 0.276953125 0.003125 0.00390625
0 0.6244791666666667 0.275390625 0.003125 0.00234375
0 0.54375 0.27265625 0.00625 0.0015625
0 0.60625 0.27109375 0.004166666666666667 0.0109375
0 0.528125 0.27109375 0.0125 0.0109375
0 0.5130208333333334 0.27109375 0.013541666666666667 0.0109375
0 0.496875 0.27109375 0.014583333333333334 0.0109375
0 0.48125 0.27109375 0.014583333333333334 0.0109375
0 0.4661458333333333 0.27109375 0.013541666666666667 0.0109375
0 0.434375 0.271484375 0.027083333333333334 0.01171875
0 0.4015625 0.271484375 0.036458333333333336 0.01171875
0 0.375 0.271484375 0.014583333333333334 0.01171875
0 0.36041666666666666 0.27109375 0.0125 0.0109375
0 0.6166666666666667 0.270703125 0.010416666666666666 0.01171875
0 0.5953125 0.270703125 0.009375 0.01171875
0 0.5791666666666667 0.270703125 0.008333333333333333 0.01171875
0 0.5677083333333334 0.270703125 0.008333333333333333 0.01171875
0 0.5578125 0.270703125 0.009375 0.01171875
0 0.5864583333333333 0.25390625 0.004166666666666667 0.0046875
0 0.5625 0.249609375 0.004166666666666667 0.00859375
0 0.5463541666666667 0.249609375 0.007291666666666667 0.00859375
0 0.5369791666666667 0.249609375 0.009375 0.00859375
0 0.4734375 0.249609375 0.009375 0.00859375
0 0.3807291666666667 0.249609375 0.009375 0.00859375
0 0.3640625 0.249609375 0.009375 0.00859375
0 0.3546875 0.249609375 0.005208333333333333 0.00859375
0 0.3416666666666667 0.249609375 0.004166666666666667 0.00859375
0 0.671875 0.248828125 0.004166666666666667 0.00859375
0 0.6635416666666667 0.248828125 0.010416666666666666 0.00859375
0 0.6458333333333334 0.24921875 0.022916666666666665 0.009375
0 0.6286458333333333 0.24921875 0.009375 0.009375
0 0.5546875 0.24921875 0.007291666666666667 0.009375
0 0.5260416666666666 0.24921875 0.010416666666666666 0.009375
0 0.5166666666666667 0.24921875 0.004166666666666667 0.009375
0 0.5072916666666667 0.24921875 0.010416666666666666 0.009375
0 0.4166666666666667 0.24921875 0.010416666666666666 0.009375
0 0.371875 0.248828125 0.00625 0.01015625
0 0.5755208333333334 0.25 0.017708333333333333 0.0140625
0 0.40729166666666666 0.2484375 0.00625 0.0109375
0 0.49270833333333336 0.24765625 0.016666666666666666 0.0125
0 0.4473958333333333 0.24765625 0.03854166666666667 0.0125
0 0.3484375 0.24765625 0.003125 0.0125
0 0.3333333333333333 0.24765625 0.01875 0.0125
0 0.3140625 0.24765625 0.015625 0.0125
0 0.3020833333333333 0.24921875 0.00625 0.015625
0 0.6791666666666667 0.2484375 0.00625 0.015625
0 0.6171875 0.247265625 0.009375 0.01328125
0 0.603125 0.247265625 0.014583333333333334 0.01328125
0 0.5630208333333333 0.241796875 0.003125 0.00234375
0 0.5166666666666667 0.241796875 0.0020833333333333333 0.00234375
0 0.3921875 0.247265625 0.011458333333333333 0.01328125
0 0.3546875 0.241796875 0.003125 0.00234375
0 0.6713541666666667 0.241015625 0.003125 0.00234375
0 0.4505208333333333 0.225 0.013541666666666667 0.0125
0 0.434375 0.225 0.016666666666666666 0.0125
0 0.4171875 0.225 0.015625 0.0125
0 0.58125 0.22578125 0.00625 0.015625
0 0.5708333333333333 0.22421875 0.010416666666666666 0.0125
0 0.5557291666666667 0.22421875 0.015625 0.0125
0 0.5380208333333333 0.224609375 0.015625 0.01328125
0 0.5192708333333333 0.22421875 0.019791666666666666 0.0125
0 0.5 0.224609375 0.016666666666666666 0.01328125
0 0.48333333333333334 0.224609375 0.016666666666666666 0.01328125
0 0.4661458333333333 0.224609375 0.015625 0.01328125
0 0.4046875 0.226171875 0.007291666666666667 0.01640625
0 0.3182291666666667 0.19765625 0.017708333333333333 0.015625
0 0.29739583333333336 0.19765625 0.021875 0.015625
0 0.2677083333333333 0.19765625 0.01875 0.015625
0 0.22447916666666667 0.19765625 0.017708333333333333 0.015625
0 0.2046875 0.19765625 0.017708333333333333 0.015625
0 0.184375 0.19765625 0.01875 0.015625
0 0.6604166666666667 0.196875 0.01875 0.015625
0 0.640625 0.196875 0.01875 0.015625
0 0.590625 0.196875 0.06458333333333334 0.015625
0 0.5411458333333333 0.197265625 0.021875 0.01640625
0 0.5010416666666667 0.196875 0.05416666666666667 0.015625
0 0.4630208333333333 0.197265625 0.017708333333333333 0.01640625
0 0.4427083333333333 0.197265625 0.01875 0.01640625
0 0.421875 0.197265625 0.020833333333333332 0.01640625
0 0.40520833333333334 0.197265625 0.010416666666666666 0.01640625
0 0.3885416666666667 0.197265625 0.022916666666666665 0.01640625
0 0.3651041666666667 0.197265625 0.019791666666666666 0.01640625
0 0.34375 0.197265625 0.01875 0.01640625
0 0.24635416666666668 0.197265625 0.021875 0.01640625
0 0.16197916666666667 0.197265625 0.021875 0.01640625
0 0.1390625 0.197265625 0.019791666666666666 0.01640625
0 0.840625 0.19609375 0.020833333333333332 0.015625
0 0.8182291666666667 0.196484375 0.021875 0.01640625
0 0.7942708333333334 0.196484375 0.021875 0.01640625
0 0.7729166666666667 0.19609375 0.01875 0.015625
0 0.7505208333333333 0.196484375 0.021875 0.01640625
0 0.715625 0.196484375 0.04375 0.01640625
0 0.6822916666666666 0.196484375 0.01875 0.01640625
0 0.45677083333333335 0.159375 0.028125 0.0234375
0 0.4270833333333333 0.159375 0.027083333333333334 0.0234375
0 0.396875 0.159375 0.03125 0.0234375
0 0.5671875 0.15859375 0.065625 0.0234375
0 0.5026041666666666 0.158984375 0.06145833333333333 0.02421875
0 0.4666666666666667 0.10234375 0.004166666666666667 0.003125
0 0.484375 0.0984375 0.0020833333333333333 0.0015625
0 0.5171875 0.081640625 0.0010416666666666667 0.00078125
0 0.5140625 0.062890625 0.003125 0.00234375
0 0.4895833333333333 0.096484375 0.10416666666666667 0.07109375
0 0.4625 0.060546875 0.0020833333333333333 0.00078125
0 0.5140625 0.059765625 0.0010416666666666667 0.00078125
0 0.49322916666666666 0.0578125 0.003125 0.0015625
0 0.4817708333333333 0.0578125 0.003125 0.0015625
0 0.4791666666666667 0.056640625 0.020833333333333332 0.00703125
0 0.49895833333333334 0.05625 0.01875 0.0078125
