0 0.44386574074074076 0.9995659722222222 0.0011574074074074073 0.0008680555555555555
0 0.6174768518518519 0.9965277777777778 0.0011574074074074073 0.006944444444444444
0 0.6116898148148148 0.9965277777777778 0.0011574074074074073 0.006944444444444444
0 0.5214120370370371 0.9921875 0.005787037037037037 0.001736111111111111
0 0.6006944444444444 0.9917534722222222 0.0023148148148148147 0.0026041666666666665
0 0.6290509259259259 0.9822048611111112 0.0011574074074074073 0.0008680555555555555
0 0.6064814814814815 0.9835069444444444 0.009259259259259259 0.008680555555555556
0 0.6099537037037037 0.9787326388888888 0.0023148148148148147 0.0008680555555555555
0 0.6493055555555556 0.9782986111111112 0.0023148148148148147 0.001736111111111111
0 0.5138888888888888 0.9778645833333334 0.009259259259259259 0.0008680555555555555
0 0.5046296296296297 0.9778645833333334 0.0023148148148148147 0.0008680555555555555
0 0.6035879629629629 0.9769965277777778 0.003472222222222222 0.0008680555555555555
0 0.6666666666666666 0.9774305555555556 0.006944444444444444 0.003472222222222222
0 0.65625 0.9761284722222222 0.0023148148148148147 0.0008680555555555555
0 0.6504629629629629 0.9761284722222222 0.0023148148148148147 0.0008680555555555555
0 0.6446759259259259 0.9761284722222222 0.006944444444444444 0.0008680555555555555
0 0.5972222222222222 0.8771701388888888 0.0023148148148148147 0.0008680555555555555
0 0.6487268518518519 0.8754340277777778 0.0011574074074074073 0.0008680555555555555
0 0.4849537037037037 0.9353298611111112 0.8819444444444444 0.1293402777777778
0 0.5665509259259259 0.8689236111111112 0.003472222222222222 0.001736111111111111
0 0.5057870370370371 0.8697916666666666 0.0023148148148148147 0.005208333333333333
0 0.6487268518518519 0.8606770833333334 0.0011574074074074073 0.0008680555555555555
0 0.24074074074074073 0.7239583333333334 0.36342592592592593 0.2760416666666667
0 0.6684027777777778 0.7161458333333334 0.46412037037037035 0.2777777777777778
0 0.7164351851851852 0.5364583333333334 0.0023148148148148147 0.001736111111111111
0 0.7060185185185185 0.5364583333333334 0.0023148148148148147 0.001736111111111111
0 0.7743055555555556 0.53515625 0.0023148148148148147 0.0008680555555555555
0 0.7696759259259259 0.5355902777777778 0.0023148148148148147 0.001736111111111111
0 0.7638888888888888 0.5355902777777778 0.0023148148148148147 0.001736111111111111
0 0.7592592592592593 0.5355902777777778 0.0023148148148148147 0.001736111111111111
0 0.7546296296296297 0.5355902777777778 0.0023148148148148147 0.001736111111111111
0 0.75 0.5355902777777778 0.0023148148148148147 0.001736111111111111
0 0.7453703703703703 0.5355902777777778 0.0023148148148148147 0.001736111111111111
0 0.7401620370370371 0.5355902777777778 0.0011574074074074073 0.001736111111111111
0 0.7349537037037037 0.5355902777777778 0.0023148148148148147 0.001736111111111111
0 0.7303240740740741 0.5355902777777778 0.0023148148148148147 0.001736111111111111
0 0.7256944444444444 0.5355902777777778 0.0023148148148148147 0.001736111111111111
0 0.7210648148148148 0.5360243055555556 0.0023148148148148147 0.0026041666666666665
0 0.8223379629629629 0.5342881944444444 0.0011574074074074073 0.0008680555555555555
0 0.8125 0.5342881944444444 0.0023148148148148147 0.0008680555555555555
0 0.8078703703703703 0.5342881944444444 0.0023148148148148147 0.0008680555555555555
0 0.8032407407407407 0.5347222222222222 0.0023148148148148147 0.001736111111111111
0 0.7986111111111112 0.5347222222222222 0.0023148148148148147 0.001736111111111111
0 0.7928240740740741 0.5347222222222222 0.0023148148148148147 0.001736111111111111
0 0.7881944444444444 0.5347222222222222 0.0023148148148148147 0.001736111111111111
0 0.7835648148148148 0.5347222222222222 0.0023148148148148147 0.001736111111111111
0 0.7789351851851852 0.5347222222222222 0.0023148148148148147 0.001736111111111111
0 0.8518518518518519 0.5338541666666666 0.0023148148148148147 0.001736111111111111
0 0.8466435185185185 0.5338541666666666 0.0011574074074074073 0.001736111111111111
0 0.8414351851851852 0.5338541666666666 0.0023148148148148147 0.001736111111111111
0 0.8321759259259259 0.5338541666666666 0.0023148148148148147 0.001736111111111111
0 0.8275462962962963 0.5338541666666666 0.0023148148148148147 0.001736111111111111
0 0.8171296296296297 0.5338541666666666 0.0023148148148148147 0.001736111111111111
0 0.6024305555555556 0.5355902777777778 0.008101851851851851 0.006944444444444444
0 0.6417824074074074 0.5347222222222222 0.008101851851851851 0.006944444444444444
0 0.6307870370370371 0.5347222222222222 0.0023148148148148147 0.006944444444444444
0 0.6238425925925926 0.5360243055555556 0.009259259259259259 0.009548611111111112
0 0.6111111111111112 0.53515625 0.006944444444444444 0.0078125
0 0.7054398148148148 0.53125 0.0011574074074074073 0.001736111111111111
0 0.6637731481481481 0.5342881944444444 0.005787037037037037 0.0078125
0 0.6556712962962963 0.5342881944444444 0.008101851851851851 0.0078125
0 0.2199074074074074 0.53125 0.0023148148148148147 0.001736111111111111
0 0.8721064814814815 0.5355902777777778 0.017361111111111112 0.012152777777777778
0 0.5949074074074074 0.5342881944444444 0.0023148148148148147 0.009548611111111112
0 0.27314814814814814 0.5303819444444444 0.0023148148148148147 0.001736111111111111
0 0.2679398148148148 0.5303819444444444 0.0011574074074074073 0.001736111111111111
0 0.23958333333333334 0.5308159722222222 0.0023148148148148147 0.0026041666666666665
0 0.8877314814814815 0.53515625 0.009259259259259259 0.013020833333333334
0 0.6487268518518519 0.5334201388888888 0.003472222222222222 0.009548611111111112
0 0.6342592592592593 0.5334201388888888 0.0023148148148148147 0.009548611111111112
0 0.6307870370370371 0.5295138888888888 0.0023148148148148147 0.001736111111111111
0 0.6168981481481481 0.5338541666666666 0.0023148148148148147 0.010416666666666666
0 0.32060185185185186 0.5295138888888888 0.0023148148148148147 0.001736111111111111
0 0.3159722222222222 0.5295138888888888 0.0023148148148148147 0.001736111111111111
0 0.3113425925925926 0.5295138888888888 0.0023148148148148147 0.001736111111111111
0 0.30671296296296297 0.5295138888888888 0.0023148148148148147 0.001736111111111111
0 0.3020833333333333 0.5295138888888888 0.0023148148148148147 0.001736111111111111
0 0.296875 0.5295138888888888 0.0011574074074074073 0.001736111111111111
0 0.359375 0.5286458333333334 0.003472222222222222 0.001736111111111111
0 0.34953703703703703 0.5286458333333334 0.0023148148148148147 0.001736111111111111
0 0.3449074074074074 0.5286458333333334 0.0023148148148148147 0.001736111111111111
0 0.3402777777777778 0.5286458333333334 0.0023148148148148147 0.001736111111111111
0 0.33564814814814814 0.5286458333333334 0.0023148148148148147 0.001736111111111111
0 0.08622685185185185 0.53125 0.008101851851851851 0.006944444444444444
0 0.0763888888888889 0.53125 0.009259259259259259 0.006944444444444444
0 0.4166666666666667 0.52734375 0.0023148148148148147 0.0008680555555555555
0 0.4074074074074074 0.5277777777777778 0.0023148148148148147 0.001736111111111111
0 0.4027777777777778 0.5277777777777778 0.0023148148148148147 0.001736111111111111
0 0.3923611111111111 0.5277777777777778 0.0023148148148148147 0.001736111111111111
0 0.38773148148148145 0.5277777777777778 0.0023148148148148147 0.001736111111111111
0 0.3738425925925926 0.5277777777777778 0.0023148148148148147 0.001736111111111111
0 0.10300925925925926 0.5308159722222222 0.023148148148148147 0.0078125
0 0.921875 0.5338541666666666 0.05439814814814815 0.015625
0 0.4548611111111111 0.5264756944444444 0.0023148148148148147 0.0008680555555555555
0 0.45023148148148145 0.5269097222222222 0.0023148148148148147 0.001736111111111111
0 0.44560185185185186 0.5269097222222222 0.0023148148148148147 0.001736111111111111
0 0.4409722222222222 0.5269097222222222 0.0023148148148148147 0.001736111111111111
0 0.4363425925925926 0.5269097222222222 0.0023148148148148147 0.001736111111111111
0 0.4305555555555556 0.5269097222222222 0.0023148148148148147 0.001736111111111111
0 0.42592592592592593 0.5269097222222222 0.0023148148148148147 0.001736111111111111
0 0.41203703703703703 0.5269097222222222 0.0023148148148148147 0.001736111111111111
0 0.1574074074074074 0.5295138888888888 0.009259259259259259 0.006944444444444444
0 0.4837962962962963 0.5260416666666666 0.0023148148148148147 0.001736111111111111
0 0.2037037037037037 0.5290798611111112 0.009259259259259259 0.0078125
0 0.1886574074074074 0.5290798611111112 0.0023148148148148147 0.0078125
0 0.06481481481481481 0.5299479166666666 0.011574074074074073 0.009548611111111112
0 0.5405092592592593 0.5251736111111112 0.0023148148148148147 0.001736111111111111
0 0.5358796296296297 0.5251736111111112 0.0023148148148148147 0.001736111111111111
0 0.5167824074074074 0.5251736111111112 0.003472222222222222 0.001736111111111111
0 0.5023148148148148 0.5256076388888888 0.0023148148148148147 0.0026041666666666665
0 0.4976851851851852 0.5256076388888888 0.0023148148148148147 0.0026041666666666665
0 0.2199074074074074 0.5256076388888888 0.0023148148148148147 0.0026041666666666665
0 0.1261574074074074 0.5290798611111112 0.011574074074074073 0.009548611111111112
0 0.5596064814814815 0.5243055555555556 0.003472222222222222 0.001736111111111111
0 0.5543981481481481 0.5243055555555556 0.0023148148148148147 0.001736111111111111
0 0.5451388888888888 0.5247395833333334 0.0023148148148148147 0.0026041666666666665
0 0.1423611111111111 0.5286458333333334 0.018518518518518517 0.010416666666666666
0 0.19444444444444445 0.5277777777777778 0.006944444444444444 0.010416666666666666
0 0.18287037037037038 0.5277777777777778 0.013888888888888888 0.010416666666666666
0 0.16898148148148148 0.5277777777777778 0.004629629629629629 0.010416666666666666
0 0.8182870370370371 0.52734375 0.08796296296296297 0.019965277777777776
0 0.7465277777777778 0.5256076388888888 0.05324074074074074 0.016493055555555556
0 0.6226851851851852 0.5208333333333334 0.006944444444444444 0.006944444444444444
0 0.6128472222222222 0.5221354166666666 0.008101851851851851 0.009548611111111112
0 0.6064814814814815 0.5208333333333334 0.0023148148148148147 0.006944444444444444
0 0.2511574074074074 0.5243055555555556 0.016203703703703703 0.013888888888888888
0 0.6620370370370371 0.5199652777777778 0.009259259259259259 0.006944444444444444
0 0.6550925925925926 0.5199652777777778 0.004629629629629629 0.006944444444444444
0 0.6464120370370371 0.5199652777777778 0.008101851851851851 0.006944444444444444
0 0.6325231481481481 0.5203993055555556 0.008101851851851851 0.0078125
0 0.6765046296296297 0.51953125 0.008101851851851851 0.0078125
0 0.4508101851851852 0.5212673611111112 0.019675925925925927 0.011284722222222222
0 0.6400462962962963 0.5190972222222222 0.004629629629629629 0.008680555555555556
0 0.6064814814814815 0.515625 0.0023148148148148147 0.001736111111111111
0 0.2673611111111111 0.5230034722222222 0.013888888888888888 0.016493055555555556
0 0.3246527777777778 0.5221354166666666 0.017361111111111112 0.016493055555555556
0 0.30497685185185186 0.5208333333333334 0.019675925925925927 0.013888888888888888
0 0.2847222222222222 0.5225694444444444 0.016203703703703703 0.017361111111111112
0 0.6840277777777778 0.5177951388888888 0.004629629629629629 0.009548611111111112
0 0.3541666666666667 0.5212673611111112 0.004629629629629629 0.016493055555555556
0 0.3420138888888889 0.51953125 0.015046296296296295 0.013020833333333334
0 0.3738425925925926 0.5203993055555556 0.020833333333333332 0.018229166666666668
0 0.40335648148148145 0.5190972222222222 0.02199074074074074 0.019097222222222224
0 0.5329861111111112 0.5160590277777778 0.1400462962962963 0.021701388888888888
0 0.4322916666666667 0.5164930555555556 0.03356481481481482 0.022569444444444444
0 0.23842592592592593 0.4947916666666667 0.0023148148148148147 0.001736111111111111
0 0.2193287037037037 0.4947916666666667 0.003472222222222222 0.001736111111111111
0 0.30092592592592593 0.4934895833333333 0.0023148148148148147 0.0008680555555555555
0 0.2962962962962963 0.4939236111111111 0.0023148148148148147 0.001736111111111111
0 0.2916666666666667 0.4939236111111111 0.0023148148148148147 0.001736111111111111
0 0.2864583333333333 0.4939236111111111 0.003472222222222222 0.001736111111111111
0 0.28125 0.4939236111111111 0.0023148148148148147 0.001736111111111111
0 0.27662037037037035 0.4939236111111111 0.0023148148148148147 0.001736111111111111
0 0.27199074074074076 0.4939236111111111 0.0023148148148148147 0.001736111111111111
0 0.2673611111111111 0.4939236111111111 0.0023148148148148147 0.001736111111111111
0 0.33449074074074076 0.4930555555555556 0.0023148148148148147 0.001736111111111111
0 0.3298611111111111 0.4930555555555556 0.0023148148148148147 0.001736111111111111
0 0.32523148148148145 0.4930555555555556 0.0023148148148148147 0.001736111111111111
0 0.32060185185185186 0.4930555555555556 0.0023148148148148147 0.001736111111111111
0 0.31539351851851855 0.4930555555555556 0.0011574074074074073 0.001736111111111111
0 0.3101851851851852 0.4930555555555556 0.0023148148148148147 0.001736111111111111
0 0.3055555555555556 0.4930555555555556 0.0023148148148148147 0.001736111111111111
0 0.3773148148148148 0.4921875 0.0023148148148148147 0.001736111111111111
0 0.3726851851851852 0.4921875 0.0023148148148148147 0.001736111111111111
0 0.3680555555555556 0.4921875 0.0023148148148148147 0.001736111111111111
0 0.3541666666666667 0.4921875 0.0023148148148148147 0.001736111111111111
0 0.08159722222222222 0.49609375 0.024305555555555556 0.009548611111111112
0 0.41550925925925924 0.4913194444444444 0.0023148148148148147 0.001736111111111111
0 0.40162037037037035 0.4913194444444444 0.0023148148148148147 0.001736111111111111
0 0.39699074074074076 0.4913194444444444 0.0023148148148148147 0.001736111111111111
0 0.38657407407407407 0.4917534722222222 0.0023148148148148147 0.0026041666666666665
0 0.3819444444444444 0.4917534722222222 0.0023148148148148147 0.0026041666666666665
0 0.13252314814814814 0.4939236111111111 0.01273148148148148 0.006944444444444444
0 0.11747685185185185 0.4939236111111111 0.01273148148148148 0.006944444444444444
0 0.10185185185185185 0.4943576388888889 0.013888888888888888 0.0078125
0 0.47337962962962965 0.4904513888888889 0.0023148148148148147 0.001736111111111111
0 0.46296296296296297 0.4904513888888889 0.0023148148148148147 0.001736111111111111
0 0.4583333333333333 0.4904513888888889 0.0023148148148148147 0.001736111111111111
0 0.4444444444444444 0.4904513888888889 0.0023148148148148147 0.001736111111111111
0 0.1440972222222222 0.4934895833333333 0.008101851851851851 0.0078125
0 0.5208333333333334 0.4895833333333333 0.0023148148148148147 0.001736111111111111
0 0.5109953703703703 0.4895833333333333 0.0011574074074074073 0.001736111111111111
0 0.5057870370370371 0.4895833333333333 0.0023148148148148147 0.001736111111111111
0 0.21875 0.4895833333333333 0.0023148148148148147 0.001736111111111111
0 0.0630787037037037 0.4934895833333333 0.010416666666666666 0.009548611111111112
0 0.5578703703703703 0.4887152777777778 0.0023148148148148147 0.001736111111111111
0 0.5532407407407407 0.4887152777777778 0.0023148148148148147 0.001736111111111111
0 0.5486111111111112 0.4887152777777778 0.0023148148148148147 0.001736111111111111
0 0.5439814814814815 0.4887152777777778 0.0023148148148148147 0.001736111111111111
0 0.5393518518518519 0.4887152777777778 0.0023148148148148147 0.001736111111111111
0 0.5347222222222222 0.4887152777777778 0.0023148148148148147 0.001736111111111111
0 0.5300925925925926 0.4887152777777778 0.0023148148148148147 0.001736111111111111
0 0.5254629629629629 0.4891493055555556 0.0023148148148148147 0.0026041666666666665
0 0.515625 0.4891493055555556 0.0011574074074074073 0.0026041666666666665
0 0.7037037037037037 0.4856770833333333 0.0023148148148148147 0.0008680555555555555
0 0.7430555555555556 0.4852430555555556 0.0023148148148148147 0.001736111111111111
0 0.7384259259259259 0.4852430555555556 0.0023148148148148147 0.001736111111111111
0 0.7337962962962963 0.4852430555555556 0.0023148148148148147 0.001736111111111111
0 0.7239583333333334 0.4852430555555556 0.0011574074074074073 0.001736111111111111
0 0.71875 0.4852430555555556 0.0023148148148148147 0.001736111111111111
0 0.7141203703703703 0.4852430555555556 0.0023148148148148147 0.001736111111111111
0 0.7962962962962963 0.4839409722222222 0.0023148148148148147 0.0008680555555555555
0 0.7916666666666666 0.4839409722222222 0.0023148148148148147 0.0008680555555555555
0 0.7864583333333334 0.484375 0.0011574074074074073 0.001736111111111111
0 0.7818287037037037 0.484375 0.0011574074074074073 0.001736111111111111
0 0.7766203703703703 0.484375 0.0023148148148148147 0.001736111111111111
0 0.7719907407407407 0.484375 0.0023148148148148147 0.001736111111111111
0 0.7673611111111112 0.484375 0.0023148148148148147 0.001736111111111111
0 0.8350694444444444 0.4835069444444444 0.003472222222222222 0.001736111111111111
0 0.8298611111111112 0.4835069444444444 0.0023148148148148147 0.001736111111111111
0 0.8252314814814815 0.4835069444444444 0.0023148148148148147 0.001736111111111111
0 0.8206018518518519 0.4835069444444444 0.0023148148148148147 0.001736111111111111
0 0.8159722222222222 0.4835069444444444 0.0023148148148148147 0.001736111111111111
0 0.8107638888888888 0.4835069444444444 0.0011574074074074073 0.001736111111111111
0 0.8009259259259259 0.4835069444444444 0.0023148148148148147 0.001736111111111111
0 0.8692129629629629 0.4826388888888889 0.0023148148148148147 0.001736111111111111
0 0.8645833333333334 0.4826388888888889 0.0023148148148148147 0.001736111111111111
0 0.8599537037037037 0.4826388888888889 0.0023148148148148147 0.001736111111111111
0 0.8541666666666666 0.4826388888888889 0.0023148148148148147 0.001736111111111111
0 0.8495370370370371 0.4826388888888889 0.0023148148148148147 0.001736111111111111
0 0.8449074074074074 0.4826388888888889 0.0023148148148148147 0.001736111111111111
0 0.29976851851851855 0.4839409722222222 0.006944444444444444 0.004340277777777778
0 0.6232638888888888 0.484375 0.008101851851851851 0.006944444444444444
0 0.6087962962962963 0.4848090277777778 0.009259259259259259 0.0078125
0 0.7037037037037037 0.4800347222222222 0.0023148148148148147 0.001736111111111111
0 0.6163194444444444 0.4839409722222222 0.003472222222222222 0.009548611111111112
0 0.5978009259259259 0.4839409722222222 0.010416666666666666 0.009548611111111112
0 0.32407407407407407 0.4839409722222222 0.018518518518518517 0.014756944444444444
0 0.2806712962962963 0.484375 0.02199074074074074 0.015625
0 0.7378472222222222 0.4774305555555556 0.005787037037037037 0.003472222222222222
0 0.37037037037037035 0.484375 0.02546296296296296 0.017361111111111112
0 0.3443287037037037 0.484375 0.017361111111111112 0.017361111111111112
0 0.7743055555555556 0.4769965277777778 0.006944444444444444 0.004340277777777778
0 0.4837962962962963 0.4830729166666667 0.013888888888888888 0.016493055555555556
0 0.25405092592592593 0.4852430555555556 0.024305555555555556 0.020833333333333332
0 0.44907407407407407 0.4830729166666667 0.04861111111111111 0.018229166666666668
0 0.4149305555555556 0.4826388888888889 0.019675925925925927 0.019097222222222224
0 0.8049768518518519 0.4782986111111111 0.015046296296296295 0.012152777777777778
0 0.39814814814814814 0.4835069444444444 0.020833333333333332 0.024305555555555556
0 0.7887731481481481 0.4756944444444444 0.015046296296296295 0.012152777777777778
0 0.7615740740740741 0.4774305555555556 0.013888888888888888 0.015625
0 0.7285879629629629 0.4778645833333333 0.017361111111111112 0.016493055555555556
0 0.75 0.4769965277777778 0.006944444444444444 0.016493055555555556
0 0.8287037037037037 0.4782986111111111 0.03009259259259259 0.020833333333333332
0 0.4994212962962963 0.4782986111111111 0.017361111111111112 0.024305555555555556
0 0.23726851851851852 0.4587673611111111 0.0023148148148148147 0.0008680555555555555
0 0.2181712962962963 0.4592013888888889 0.003472222222222222 0.001736111111111111
0 0.2523148148148148 0.4583333333333333 0.0023148148148148147 0.001736111111111111
0 0.24189814814814814 0.4583333333333333 0.0023148148148148147 0.001736111111111111
0 0.41435185185185186 0.4557291666666667 0.0023148148148148147 0.001736111111111111
0 0.4097222222222222 0.4552951388888889 0.0023148148148148147 0.0008680555555555555
0 0.4050925925925926 0.4557291666666667 0.0023148148148148147 0.001736111111111111
0 0.3715277777777778 0.4557291666666667 0.0023148148148148147 0.001736111111111111
0 0.36689814814814814 0.4561631944444444 0.0023148148148148147 0.0026041666666666665
0 0.10706018518518519 0.4578993055555556 0.008101851851851851 0.006076388888888889
0 0.09722222222222222 0.4583333333333333 0.009259259259259259 0.006944444444444444
0 0.078125 0.4583333333333333 0.008101851851851851 0.006944444444444444
0 0.45717592592592593 0.4548611111111111 0.0023148148148148147 0.001736111111111111
0 0.4525462962962963 0.4548611111111111 0.0023148148148148147 0.001736111111111111
0 0.44328703703703703 0.4548611111111111 0.0023148148148148147 0.001736111111111111
0 0.41898148148148145 0.4552951388888889 0.0023148148148148147 0.0026041666666666665
0 0.1244212962962963 0.4574652777777778 0.008101851851851851 0.006944444444444444
0 0.49537037037037035 0.4539930555555556 0.0023148148148148147 0.001736111111111111
0 0.49074074074074076 0.4539930555555556 0.0023148148148148147 0.001736111111111111
0 0.4861111111111111 0.4539930555555556 0.0023148148148148147 0.001736111111111111
0 0.48148148148148145 0.4539930555555556 0.0023148148148148147 0.001736111111111111
0 0.47685185185185186 0.4539930555555556 0.0023148148148148147 0.001736111111111111
0 0.4710648148148148 0.4539930555555556 0.0023148148148148147 0.001736111111111111
0 0.4664351851851852 0.4539930555555556 0.0023148148148148147 0.001736111111111111
0 0.4618055555555556 0.4544270833333333 0.0023148148148148147 0.0026041666666666665
0 0.17650462962962962 0.45703125 0.008101851851851851 0.0078125
0 0.16377314814814814 0.45703125 0.01273148148148148 0.0078125
0 0.15162037037037038 0.45703125 0.009259259259259259 0.0078125
0 0.07060185185185185 0.4574652777777778 0.004629629629629629 0.008680555555555556
0 0.5428240740740741 0.453125 0.0023148148148148147 0.001736111111111111
0 0.5381944444444444 0.453125 0.0023148148148148147 0.001736111111111111
0 0.5335648148148148 0.453125 0.0023148148148148147 0.001736111111111111
0 0.5289351851851852 0.453125 0.0023148148148148147 0.001736111111111111
0 0.5243055555555556 0.453125 0.0023148148148148147 0.001736111111111111
0 0.5190972222222222 0.453125 0.0011574074074074073 0.001736111111111111
0 0.5144675925925926 0.453125 0.003472222222222222 0.001736111111111111
0 0.5098379629629629 0.453125 0.0011574074074074073 0.001736111111111111
0 0.5046296296296297 0.4535590277777778 0.0023148148148148147 0.0026041666666666665
0 0.5 0.4535590277777778 0.0023148148148148147 0.0026041666666666665
0 0.2175925925925926 0.453125 0.0023148148148148147 0.001736111111111111
0 0.11400462962962964 0.4565972222222222 0.003472222222222222 0.008680555555555556
0 0.08738425925925926 0.45703125 0.008101851851851851 0.009548611111111112
0 0.061921296296296294 0.4574652777777778 0.010416666666666666 0.010416666666666666
0 0.5572916666666666 0.4522569444444444 0.0011574074074074073 0.001736111111111111
0 0.5520833333333334 0.4526909722222222 0.0023148148148148147 0.0026041666666666665
0 0.5474537037037037 0.4526909722222222 0.0023148148148148147 0.0026041666666666665
0 0.140625 0.4561631944444444 0.010416666666666666 0.009548611111111112
0 0.11805555555555555 0.4526909722222222 0.0023148148148148147 0.0026041666666666665
0 0.7222222222222222 0.44921875 0.0023148148148148147 0.0008680555555555555
0 0.7175925925925926 0.44921875 0.0023148148148148147 0.0008680555555555555
0 0.7025462962962963 0.4496527777777778 0.0023148148148148147 0.001736111111111111
0 0.7609953703703703 0.4487847222222222 0.003472222222222222 0.001736111111111111
0 0.7557870370370371 0.4487847222222222 0.0023148148148148147 0.001736111111111111
0 0.7511574074074074 0.4487847222222222 0.0023148148148148147 0.001736111111111111
0 0.7465277777777778 0.4487847222222222 0.0023148148148148147 0.001736111111111111
0 0.7418981481481481 0.4487847222222222 0.0023148148148148147 0.001736111111111111
0 0.7129629629629629 0.44921875 0.0023148148148148147 0.0026041666666666665
0 0.7997685185185185 0.4479166666666667 0.0023148148148148147 0.001736111111111111
0 0.7951388888888888 0.4479166666666667 0.0023148148148148147 0.001736111111111111
0 0.7853009259259259 0.4479166666666667 0.0011574074074074073 0.001736111111111111
0 0.7754629629629629 0.4479166666666667 0.0023148148148148147 0.001736111111111111
0 0.7662037037037037 0.4479166666666667 0.0023148148148148147 0.001736111111111111
0 0.4097222222222222 0.4496527777777778 0.004629629629629629 0.005208333333333333
0 0.8287037037037037 0.4470486111111111 0.0023148148148148147 0.001736111111111111
0 0.8090277777777778 0.4470486111111111 0.0023148148148148147 0.001736111111111111
0 0.8680555555555556 0.4461805555555556 0.0023148148148148147 0.001736111111111111
0 0.8634259259259259 0.4461805555555556 0.0023148148148148147 0.001736111111111111
0 0.8587962962962963 0.4461805555555556 0.0023148148148148147 0.001736111111111111
0 0.8541666666666666 0.4461805555555556 0.0023148148148148147 0.001736111111111111
0 0.6203703703703703 0.4487847222222222 0.006944444444444444 0.006944444444444444
0 0.6116898148148148 0.4487847222222222 0.008101851851851851 0.006944444444444444
0 0.6290509259259259 0.4483506944444444 0.008101851851851851 0.0078125
0 0.3894675925925926 0.4518229166666667 0.024305555555555556 0.014756944444444444
0 0.3090277777777778 0.4518229166666667 0.020833333333333332 0.014756944444444444
0 0.27662037037037035 0.4522569444444444 0.041666666666666664 0.015625
0 0.7025462962962963 0.4440104166666667 0.0023148148148148147 0.0008680555555555555
0 0.6047453703703703 0.4474826388888889 0.0011574074074074073 0.009548611111111112
0 0.5966435185185185 0.4474826388888889 0.010416666666666666 0.009548611111111112
0 0.36747685185185186 0.4500868055555556 0.02199074074074074 0.014756944444444444
0 0.3460648148148148 0.4505208333333333 0.018518518518518517 0.015625
0 0.328125 0.4509548611111111 0.019675925925925927 0.016493055555555556
0 0.7361111111111112 0.4418402777777778 0.023148148148148147 0.015625
0 0.43460648148148145 0.4448784722222222 0.028935185185185185 0.021701388888888888
0 0.2511574074074074 0.4461805555555556 0.023148148148148147 0.026041666666666668
0 0.8200231481481481 0.4401041666666667 0.017361111111111112 0.015625
0 0.7771990740740741 0.4405381944444444 0.015046296296296295 0.016493055555555556
0 0.7575231481481481 0.4396701388888889 0.017361111111111112 0.014756944444444444
0 0.8408564814814815 0.4396701388888889 0.017361111111111112 0.016493055555555556
0 0.7962962962962963 0.4401041666666667 0.018518518518518517 0.017361111111111112
0 0.4693287037037037 0.3745659722222222 0.47800925925925924 0.0685763888888889
0 0.13020833333333334 0.3216145833333333 0.0011574074074074073 0.0008680555555555555
0 0.17881944444444445 0.3177083333333333 0.005787037037037037 0.010416666666666666
0 0.1684027777777778 0.3177083333333333 0.01273148148148148 0.010416666666666666
0 0.15914351851851852 0.3151041666666667 0.003472222222222222 0.005208333333333333
0 0.15393518518518517 0.3181423611111111 0.013888888888888888 0.011284722222222222
0 0.1388888888888889 0.3181423611111111 0.013888888888888888 0.011284722222222222
0 0.1244212962962963 0.3181423611111111 0.01273148148148148 0.011284722222222222
0 0.2361111111111111 0.3172743055555556 0.013888888888888888 0.011284722222222222
0 0.22106481481481483 0.3172743055555556 0.013888888888888888 0.011284722222222222
0 0.19791666666666666 0.3172743055555556 0.03009259259259259 0.011284722222222222
0 0.28125 0.31640625 0.009259259259259259 0.011284722222222222
0 0.2679398148148148 0.31640625 0.01273148148148148 0.011284722222222222
0 0.25 0.31640625 0.009259259259259259 0.011284722222222222
0 0.3292824074074074 0.3155381944444444 0.010416666666666666 0.011284722222222222
0 0.3177083333333333 0.3155381944444444 0.010416666666666666 0.011284722222222222
0 0.30613425925925924 0.3155381944444444 0.010416666666666666 0.011284722222222222
0 0.29282407407407407 0.3155381944444444 0.009259259259259259 0.011284722222222222
0 0.3738425925925926 0.3146701388888889 0.013888888888888888 0.011284722222222222
0 0.3628472222222222 0.3103298611111111 0.005787037037037037 0.0026041666666666665
0 0.3611111111111111 0.3146701388888889 0.011574074074074073 0.011284722222222222
0 0.3454861111111111 0.3146701388888889 0.017361111111111112 0.011284722222222222
0 0.43171296296296297 0.3138020833333333 0.009259259259259259 0.011284722222222222
0 0.41898148148148145 0.3138020833333333 0.011574074074074073 0.011284722222222222
0 0.40625 0.3138020833333333 0.011574074074074073 0.011284722222222222
0 0.3883101851851852 0.3138020833333333 0.01273148148148148 0.011284722222222222
0 0.44386574074074076 0.3129340277777778 0.01273148148148148 0.011284722222222222
0 0.6417824074074074 0.3059895833333333 0.35532407407407407 0.03732638888888889
0 0.42766203703703703 0.28125 0.003472222222222222 0.003472222222222222
0 0.6012731481481481 0.2769097222222222 0.0011574074074074073 0.001736111111111111
0 0.5202546296296297 0.2751736111111111 0.005787037037037037 0.001736111111111111
0 0.3368055555555556 0.27734375 0.011574074074074073 0.011284722222222222
0 0.4050925925925926 0.2760416666666667 0.013888888888888888 0.010416666666666666
0 0.3894675925925926 0.2764756944444444 0.01273148148148148 0.011284722222222222
0 0.37037037037037035 0.2764756944444444 0.020833333333333332 0.011284722222222222
0 0.35127314814814814 0.2769097222222222 0.01273148148148148 0.012152777777777778
0 0.41898148148148145 0.2756076388888889 0.011574074074074073 0.011284722222222222
0 0.4895833333333333 0.2747395833333333 0.013888888888888888 0.011284722222222222
0 0.4739583333333333 0.2747395833333333 0.015046296296296295 0.011284722222222222
0 0.45775462962962965 0.2747395833333333 0.015046296296296295 0.011284722222222222
0 0.4427083333333333 0.2747395833333333 0.01273148148148148 0.011284722222222222
0 0.5347222222222222 0.2734375 0.009259259259259259 0.010416666666666666
0 0.5046296296296297 0.2738715277777778 0.011574074074074073 0.011284722222222222
0 0.5746527777777778 0.2725694444444444 0.003472222222222222 0.010416666666666666
0 0.5561342592592593 0.2730034722222222 0.008101851851851851 0.011284722222222222
0 0.5445601851851852 0.2730034722222222 0.008101851851851851 0.011284722222222222
0 0.5931712962962963 0.2721354166666667 0.008101851851851851 0.011284722222222222
0 0.5827546296296297 0.2721354166666667 0.003472222222222222 0.011284722222222222
0 0.5694444444444444 0.2721354166666667 0.004629629629629629 0.011284722222222222
0 0.5619212962962963 0.2556423611111111 0.003472222222222222 0.004340277777777778
0 0.31712962962962965 0.2560763888888889 0.004629629629629629 0.008680555555555556
0 0.35648148148148145 0.2552083333333333 0.009259259259259259 0.008680555555555556
0 0.33969907407407407 0.2552083333333333 0.010416666666666666 0.008680555555555556
0 0.33101851851851855 0.2556423611111111 0.004629629629629629 0.009548611111111112
0 0.3917824074074074 0.2547743055555556 0.010416666666666666 0.009548611111111112
0 0.4496527777777778 0.2534722222222222 0.010416666666666666 0.008680555555555556
0 0.4375 0.2534722222222222 0.011574074074074073 0.008680555555555556
0 0.42592592592592593 0.25390625 0.011574074074074073 0.009548611111111112
0 0.3489583333333333 0.2543402777777778 0.005787037037037037 0.010416666666666666
0 0.2777777777777778 0.2565104166666667 0.006944444444444444 0.014756944444444444
0 0.5127314814814815 0.2526041666666667 0.009259259259259259 0.008680555555555556
0 0.5017361111111112 0.2526041666666667 0.010416666666666666 0.008680555555555556
0 0.49247685185185186 0.2526041666666667 0.003472222222222222 0.008680555555555556
0 0.4832175925925926 0.2526041666666667 0.010416666666666666 0.008680555555555556
0 0.38310185185185186 0.2534722222222222 0.006944444444444444 0.010416666666666666
0 0.5387731481481481 0.2517361111111111 0.003472222222222222 0.008680555555555556
0 0.53125 0.2521701388888889 0.006944444444444444 0.009548611111111112
0 0.5231481481481481 0.2521701388888889 0.006944444444444444 0.009548611111111112
0 0.32407407407407407 0.25390625 0.004629629629629629 0.013020833333333334
0 0.30092592592592593 0.25390625 0.037037037037037035 0.013020833333333334
0 0.6041666666666666 0.2508680555555556 0.009259259259259259 0.008680555555555556
0 0.3680555555555556 0.2530381944444444 0.011574074074074073 0.013020833333333334
0 0.33101851851851855 0.2478298611111111 0.0023148148148148147 0.0026041666666666665
0 0.6388888888888888 0.25 0.009259259259259259 0.008680555555555556
0 0.6273148148148148 0.25 0.011574074074074073 0.008680555555555556
0 0.6157407407407407 0.25 0.011574074074074073 0.008680555555555556
0 0.4114583333333333 0.2521701388888889 0.015046296296296295 0.013020833333333334
0 0.6475694444444444 0.24913194444444445 0.003472222222222222 0.008680555555555556
0 0.5515046296296297 0.2521701388888889 0.017361111111111112 0.014756944444444444
0 0.46875 0.2513020833333333 0.013888888888888888 0.013020833333333334
0 0.4930555555555556 0.24522569444444445 0.0023148148148148147 0.0026041666666666665
0 0.5787037037037037 0.24913194444444445 0.013888888888888888 0.012152777777777778
0 0.5387731481481481 0.2443576388888889 0.003472222222222222 0.0026041666666666665
0 0.6545138888888888 0.2495659722222222 0.005787037037037037 0.014756944444444444
0 0.5925925925925926 0.24869791666666666 0.009259259259259259 0.013020833333333334
0 0.6469907407407407 0.2421875 0.0023148148148148147 0.001736111111111111
0 0.3923611111111111 0.2300347222222222 0.016203703703703703 0.012152777777777778
0 0.37905092592592593 0.23133680555555555 0.005787037037037037 0.014756944444444444
0 0.42592592592592593 0.22916666666666666 0.013888888888888888 0.012152777777777778
0 0.40914351851851855 0.22960069444444445 0.015046296296296295 0.013020833333333334
0 0.47511574074074076 0.2282986111111111 0.015046296296296295 0.012152777777777778
0 0.4583333333333333 0.2287326388888889 0.016203703703703703 0.013020833333333334
0 0.4409722222222222 0.2287326388888889 0.016203703703703703 0.013020833333333334
0 0.5306712962962963 0.22743055555555555 0.015046296296296295 0.012152777777777778
0 0.5138888888888888 0.22786458333333334 0.016203703703703703 0.013020833333333334
0 0.49421296296296297 0.22786458333333334 0.018518518518518517 0.013020833333333334
0 0.5572916666666666 0.2282986111111111 0.005787037037037037 0.015625
0 0.5462962962962963 0.2269965277777778 0.011574074074074073 0.013020833333333334
0 0.11284722222222222 0.2074652777777778 0.019675925925925927 0.015625
0 0.17881944444444445 0.2065972222222222 0.017361111111111112 0.015625
0 0.15914351851851852 0.2065972222222222 0.017361111111111112 0.015625
0 0.13599537037037038 0.20703125 0.02199074074074074 0.016493055555555556
0 0.19849537037037038 0.20572916666666666 0.017361111111111112 0.015625
0 0.27141203703703703 0.2048611111111111 0.02199074074074074 0.015625
0 0.24247685185185186 0.2048611111111111 0.017361111111111112 0.015625
0 0.2199074074074074 0.2052951388888889 0.020833333333333332 0.016493055555555556
0 0.31886574074074076 0.20399305555555555 0.017361111111111112 0.015625
0 0.29282407407407407 0.20442708333333334 0.016203703703703703 0.016493055555555556
0 0.36226851851851855 0.203125 0.020833333333333332 0.015625
0 0.33912037037037035 0.2035590277777778 0.018518518518518517 0.016493055555555556
0 0.41724537037037035 0.20225694444444445 0.017361111111111112 0.015625
0 0.3958333333333333 0.20225694444444445 0.020833333333333332 0.015625
0 0.37962962962962965 0.2026909722222222 0.009259259259259259 0.016493055555555556
0 0.46412037037037035 0.2013888888888889 0.03009259259259259 0.015625
0 0.4380787037037037 0.2013888888888889 0.017361111111111112 0.015625
0 0.5150462962962963 0.20052083333333334 0.020833333333333332 0.015625
0 0.4913194444444444 0.20052083333333334 0.019675925925925927 0.015625
0 0.5434027777777778 0.1996527777777778 0.019675925925925927 0.015625
0 0.5868055555555556 0.1987847222222222 0.018518518518518517 0.015625
0 0.5648148148148148 0.19921875 0.018518518518518517 0.016493055555555556
0 0.6348379629629629 0.19791666666666666 0.017361111111111112 0.015625
0 0.6145833333333334 0.19835069444444445 0.018518518518518517 0.016493055555555556
0 0.6788194444444444 0.1970486111111111 0.019675925925925927 0.015625
0 0.6556712962962963 0.1974826388888889 0.019675925925925927 0.016493055555555556
0 0.7239583333333334 0.19618055555555555 0.02199074074074074 0.015625
0 0.7008101851851852 0.19618055555555555 0.019675925925925927 0.015625
0 0.7679398148148148 0.1953125 0.02199074074074074 0.015625
0 0.7465277777777778 0.1957465277777778 0.016203703703703703 0.016493055555555556
0 0.8142361111111112 0.19444444444444445 0.019675925925925927 0.015625
0 0.7910879629629629 0.1948784722222222 0.02199074074074074 0.016493055555555556
0 0.4305555555555556 0.1640625 0.027777777777777776 0.022569444444444444
0 0.40046296296296297 0.1644965277777778 0.02546296296296296 0.0234375
0 0.36921296296296297 0.16493055555555555 0.03009259259259259 0.024305555555555556
0 0.49247685185185186 0.16276041666666666 0.02662037037037037 0.0234375
0 0.4618055555555556 0.16276041666666666 0.03009259259259259 0.0234375
0 0.5237268518518519 0.1618923611111111 0.03125 0.0234375
0 0.5567129629629629 0.16145833333333334 0.03009259259259259 0.024305555555555556
0 0.4380787037037037 0.10677083333333333 0.0011574074074074073 0.001736111111111111
0 0.9635416666666666 0.0998263888888889 0.0011574074074074073 0.001736111111111111
0 0.4947916666666667 0.06640625 0.0011574074074074073 0.0026041666666666665
0 0.46122685185185186 0.10026041666666667 0.10300925925925926 0.0720486111111111
0 0.96875 0.0646701388888889 0.0023148148148148147 0.0026041666666666665
0 0.44155092592592593 0.0625 0.005787037037037037 0.003472222222222222
0 0.4699074074074074 0.06076388888888889 0.016203703703703703 0.005208333333333333
0 0.4537037037037037 0.059895833333333336 0.011574074074074073 0.003472222222222222
0 0.9681712962962963 0.03515625 0.0011574074074074073 0.0026041666666666665
0 0.9681712962962963 0.027777777777777776 0.0011574074074074073 0.001736111111111111
0 0.9861111111111112 0.3385416666666667 0.027777777777777776 0.6770833333333334
0 0.1840277777777778 0.00390625 0.3680555555555556 0.0078125
