0 0.6186342592592593 0.9856770833333334 0.03356481481481482 0.028645833333333332
0 0.6064814814814815 0.9717881944444444 0.009259259259259259 0.0008680555555555555
0 0.6660879629629629 0.9709201388888888 0.0011574074074074073 0.0008680555555555555
0 0.6603009259259259 0.9713541666666666 0.003472222222222222 0.001736111111111111
0 0.6325231481481481 0.9700520833333334 0.0011574074074074073 0.0008680555555555555
0 0.6001157407407407 0.9700520833333334 0.003472222222222222 0.0008680555555555555
0 0.5746527777777778 0.9691840277777778 0.0011574074074074073 0.0008680555555555555
0 0.5428240740740741 0.9683159722222222 0.0023148148148148147 0.0008680555555555555
0 0.5 0.9201388888888888 0.8773148148148148 0.10069444444444445
0 0.6649305555555556 0.8684895833333334 0.0011574074074074073 0.0008680555555555555
0 0.6579861111111112 0.8684895833333334 0.0011574074074074073 0.0008680555555555555
0 0.25462962962962965 0.7113715277777778 0.35648148148148145 0.2682291666666667
0 0.6822916666666666 0.7118055555555556 0.46412037037037035 0.2760416666666667
0 0.4895833333333333 0.5399305555555556 0.011574074074074073 0.010416666666666666
0 0.47858796296296297 0.5399305555555556 0.010416666666666666 0.010416666666666666
0 0.5341435185185185 0.5394965277777778 0.01273148148148148 0.011284722222222222
0 0.46412037037037035 0.5390625 0.013888888888888888 0.010416666666666666
0 0.5503472222222222 0.5381944444444444 0.010416666666666666 0.012152777777777778
0 0.5109953703703703 0.5386284722222222 0.028935185185185185 0.013020833333333334
0 0.45023148148148145 0.5381944444444444 0.011574074074074073 0.013888888888888888
0 0.8287037037037037 0.5299479166666666 0.0023148148148148147 0.0008680555555555555
0 0.8188657407407407 0.5303819444444444 0.003472222222222222 0.001736111111111111
0 0.8090277777777778 0.5303819444444444 0.0023148148148148147 0.001736111111111111
0 0.8043981481481481 0.5303819444444444 0.0023148148148148147 0.001736111111111111
0 0.7991898148148148 0.5303819444444444 0.003472222222222222 0.001736111111111111
0 0.7939814814814815 0.5303819444444444 0.0023148148148148147 0.001736111111111111
0 0.7893518518518519 0.5303819444444444 0.0023148148148148147 0.001736111111111111
0 0.7847222222222222 0.5303819444444444 0.0023148148148148147 0.001736111111111111
0 0.7789351851851852 0.5303819444444444 0.0023148148148148147 0.001736111111111111
0 0.7743055555555556 0.5303819444444444 0.0023148148148148147 0.001736111111111111
0 0.7650462962962963 0.5303819444444444 0.0023148148148148147 0.001736111111111111
0 0.7598379629629629 0.5303819444444444 0.0011574074074074073 0.001736111111111111
0 0.7546296296296297 0.5303819444444444 0.0023148148148148147 0.001736111111111111
0 0.75 0.5303819444444444 0.0023148148148148147 0.001736111111111111
0 0.7453703703703703 0.5303819444444444 0.0023148148148148147 0.001736111111111111
0 0.7407407407407407 0.5303819444444444 0.0023148148148148147 0.001736111111111111
0 0.7349537037037037 0.5303819444444444 0.0023148148148148147 0.001736111111111111
0 0.7303240740740741 0.5308159722222222 0.0023148148148148147 0.0026041666666666665
0 0.7199074074074074 0.5308159722222222 0.0023148148148148147 0.0026041666666666665
0 0.4253472222222222 0.5377604166666666 0.03356481481481482 0.016493055555555556
0 0.8726851851851852 0.5295138888888888 0.0023148148148148147 0.001736111111111111
0 0.8680555555555556 0.5295138888888888 0.0023148148148148147 0.001736111111111111
0 0.8634259259259259 0.5295138888888888 0.0023148148148148147 0.001736111111111111
0 0.8587962962962963 0.5295138888888888 0.0023148148148148147 0.001736111111111111
0 0.8535879629629629 0.5295138888888888 0.003472222222222222 0.001736111111111111
0 0.8483796296296297 0.5295138888888888 0.0023148148148148147 0.001736111111111111
0 0.84375 0.5299479166666666 0.0023148148148148147 0.0026041666666666665
0 0.8385416666666666 0.5295138888888888 0.003472222222222222 0.001736111111111111
0 0.8333333333333334 0.5299479166666666 0.0023148148148148147 0.0026041666666666665
0 0.8240740740740741 0.5299479166666666 0.0023148148148148147 0.0026041666666666665
0 0.8136574074074074 0.5299479166666666 0.0023148148148148147 0.0026041666666666665
0 0.9774305555555556 0.5282118055555556 0.0011574074074074073 0.0008680555555555555
0 0.9230324074074074 0.5282118055555556 0.0011574074074074073 0.0008680555555555555
0 0.9681712962962963 0.5347222222222222 0.03356481481481482 0.017361111111111112
0 0.9340277777777778 0.53125 0.013888888888888888 0.010416666666666666
0 0.9201388888888888 0.5308159722222222 0.011574074074074073 0.011284722222222222
0 0.6782407407407407 0.5286458333333334 0.004629629629629629 0.006944444444444444
0 0.6701388888888888 0.5286458333333334 0.009259259259259259 0.006944444444444444
0 0.6556712962962963 0.5286458333333334 0.008101851851851851 0.006944444444444444
0 0.6446759259259259 0.5286458333333334 0.0023148148148148147 0.006944444444444444
0 0.6383101851851852 0.5299479166666666 0.008101851851851851 0.009548611111111112
0 0.6313657407407407 0.5286458333333334 0.0011574074074074073 0.006944444444444444
0 0.625 0.5286458333333334 0.006944444444444444 0.006944444444444444
0 0.6163194444444444 0.5290798611111112 0.008101851851851851 0.0078125
0 0.6087962962962963 0.5290798611111112 0.0023148148148148147 0.0078125
0 0.8888888888888888 0.5308159722222222 0.013888888888888888 0.013020833333333334
0 0.7199074074074074 0.5251736111111112 0.0023148148148148147 0.001736111111111111
0 0.609375 0.5238715277777778 0.0011574074074074073 0.0008680555555555555
0 0.6626157407407407 0.52734375 0.003472222222222222 0.009548611111111112
0 0.6487268518518519 0.52734375 0.0011574074074074073 0.009548611111111112
0 0.6446759259259259 0.5234375 0.0023148148148148147 0.001736111111111111
0 0.6313657407407407 0.5234375 0.0011574074074074073 0.001736111111111111
0 0.9068287037037037 0.5299479166666666 0.008101851851851851 0.018229166666666668
0 0.25462962962962965 0.5212673611111112 0.0023148148148148147 0.0008680555555555555
0 0.2361111111111111 0.5217013888888888 0.0023148148148148147 0.001736111111111111
0 0.9450231481481481 0.5299479166666666 0.008101851851851851 0.019965277777777776
0 0.33101851851851855 0.5203993055555556 0.0023148148148148147 0.0008680555555555555
0 0.3263888888888889 0.5203993055555556 0.0023148148148148147 0.0008680555555555555
0 0.32175925925925924 0.5203993055555556 0.0023148148148148147 0.0008680555555555555
0 0.31712962962962965 0.5203993055555556 0.0023148148148148147 0.0008680555555555555
0 0.3125 0.5203993055555556 0.0023148148148148147 0.0008680555555555555
0 0.3072916666666667 0.5203993055555556 0.0011574074074074073 0.0008680555555555555
0 0.3020833333333333 0.5203993055555556 0.0023148148148148147 0.0008680555555555555
0 0.2974537037037037 0.5208333333333334 0.0023148148148148147 0.001736111111111111
0 0.29282407407407407 0.5208333333333334 0.0023148148148148147 0.001736111111111111
0 0.2881944444444444 0.5208333333333334 0.0023148148148148147 0.001736111111111111
0 0.2835648148148148 0.5208333333333334 0.0023148148148148147 0.001736111111111111
0 0.2789351851851852 0.5208333333333334 0.0023148148148148147 0.001736111111111111
0 0.2743055555555556 0.5208333333333334 0.0023148148148148147 0.001736111111111111
0 0.2690972222222222 0.5208333333333334 0.0011574074074074073 0.001736111111111111
0 0.2638888888888889 0.5208333333333334 0.0023148148148148147 0.001736111111111111
0 0.25925925925925924 0.5208333333333334 0.0023148148148148147 0.001736111111111111
0 0.3883101851851852 0.5199652777777778 0.0011574074074074073 0.001736111111111111
0 0.3836805555555556 0.5199652777777778 0.0011574074074074073 0.001736111111111111
0 0.3784722222222222 0.5199652777777778 0.0023148148148148147 0.001736111111111111
0 0.3738425925925926 0.5199652777777778 0.0023148148148148147 0.001736111111111111
0 0.3645833333333333 0.5199652777777778 0.0023148148148148147 0.001736111111111111
0 0.3599537037037037 0.5199652777777778 0.0023148148148148147 0.001736111111111111
0 0.35532407407407407 0.5199652777777778 0.0023148148148148147 0.001736111111111111
0 0.35011574074074076 0.5199652777777778 0.0011574074074074073 0.001736111111111111
0 0.3449074074074074 0.5199652777777778 0.0023148148148148147 0.001736111111111111
0 0.3402777777777778 0.5199652777777778 0.0023148148148148147 0.001736111111111111
0 0.33564814814814814 0.5199652777777778 0.0023148148148148147 0.001736111111111111
0 0.4693287037037037 0.5190972222222222 0.0011574074074074073 0.001736111111111111
0 0.46469907407407407 0.5190972222222222 0.0011574074074074073 0.001736111111111111
0 0.45949074074074076 0.5190972222222222 0.0023148148148148147 0.001736111111111111
0 0.4548611111111111 0.5190972222222222 0.0023148148148148147 0.001736111111111111
0 0.45023148148148145 0.5190972222222222 0.0023148148148148147 0.001736111111111111
0 0.44502314814814814 0.5190972222222222 0.0011574074074074073 0.001736111111111111
0 0.4409722222222222 0.5190972222222222 0.0023148148148148147 0.001736111111111111
0 0.4357638888888889 0.5190972222222222 0.0011574074074074073 0.001736111111111111
0 0.43113425925925924 0.5190972222222222 0.0011574074074074073 0.001736111111111111
0 0.42592592592592593 0.5190972222222222 0.0023148148148148147 0.001736111111111111
0 0.4212962962962963 0.5190972222222222 0.0023148148148148147 0.001736111111111111
0 0.4166666666666667 0.5190972222222222 0.0023148148148148147 0.001736111111111111
0 0.41203703703703703 0.5190972222222222 0.0023148148148148147 0.001736111111111111
0 0.4074074074074074 0.5190972222222222 0.0023148148148148147 0.001736111111111111
0 0.4027777777777778 0.5190972222222222 0.0023148148148148147 0.001736111111111111
0 0.3975694444444444 0.5190972222222222 0.0011574074074074073 0.001736111111111111
0 0.3929398148148148 0.51953125 0.0011574074074074073 0.0026041666666666665
0 0.5590277777777778 0.5177951388888888 0.0023148148148148147 0.0008680555555555555
0 0.5543981481481481 0.5182291666666666 0.0023148148148148147 0.001736111111111111
0 0.5497685185185185 0.5177951388888888 0.0023148148148148147 0.0008680555555555555
0 0.5451388888888888 0.5182291666666666 0.0023148148148148147 0.001736111111111111
0 0.5405092592592593 0.5182291666666666 0.0023148148148148147 0.001736111111111111
0 0.5358796296296297 0.5182291666666666 0.0023148148148148147 0.001736111111111111
0 0.5306712962962963 0.5182291666666666 0.0011574074074074073 0.001736111111111111
0 0.5260416666666666 0.5182291666666666 0.0011574074074074073 0.001736111111111111
0 0.5214120370370371 0.5182291666666666 0.0011574074074074073 0.001736111111111111
0 0.5162037037037037 0.5182291666666666 0.0023148148148148147 0.001736111111111111
0 0.5115740740740741 0.5182291666666666 0.0023148148148148147 0.001736111111111111
0 0.5069444444444444 0.5182291666666666 0.0023148148148148147 0.001736111111111111
0 0.5023148148148148 0.5182291666666666 0.0023148148148148147 0.001736111111111111
0 0.4976851851851852 0.5182291666666666 0.0023148148148148147 0.001736111111111111
0 0.4930555555555556 0.5182291666666666 0.0023148148148148147 0.001736111111111111
0 0.48842592592592593 0.5182291666666666 0.0023148148148148147 0.001736111111111111
0 0.4832175925925926 0.5186631944444444 0.0011574074074074073 0.0026041666666666665
0 0.4791666666666667 0.5182291666666666 0.0023148148148148147 0.001736111111111111
0 0.4739583333333333 0.5186631944444444 0.003472222222222222 0.0026041666666666665
0 0.5734953703703703 0.5173611111111112 0.0011574074074074073 0.001736111111111111
0 0.5694444444444444 0.5173611111111112 0.0023148148148148147 0.001736111111111111
0 0.5642361111111112 0.5173611111111112 0.0011574074074074073 0.001736111111111111
0 0.1284722222222222 0.5199652777777778 0.009259259259259259 0.006944444444444444
0 0.11863425925925926 0.5199652777777778 0.008101851851851851 0.006944444444444444
0 0.11226851851851852 0.5199652777777778 0.004629629629629629 0.006944444444444444
0 0.10416666666666667 0.5199652777777778 0.006944444444444444 0.006944444444444444
0 0.09490740740740741 0.5199652777777778 0.009259259259259259 0.006944444444444444
0 0.2361111111111111 0.5160590277777778 0.0023148148148148147 0.0008680555555555555
0 0.2199074074074074 0.5190972222222222 0.009259259259259259 0.006944444444444444
0 0.17418981481481483 0.51953125 0.008101851851851851 0.0078125
0 0.15914351851851852 0.5186631944444444 0.017361111111111112 0.009548611111111112
0 0.14351851851851852 0.5186631944444444 0.011574074074074073 0.009548611111111112
0 0.08333333333333333 0.5190972222222222 0.011574074074074073 0.010416666666666666
0 0.20891203703703703 0.5177951388888888 0.010416666666666666 0.009548611111111112
0 0.1996527777777778 0.5177951388888888 0.01273148148148148 0.009548611111111112
0 0.1863425925925926 0.5182291666666666 0.004629629629629629 0.010416666666666666
0 0.6203703703703703 0.5147569444444444 0.0023148148148148147 0.006944444444444444
0 0.8130787037037037 0.5217013888888888 0.14467592592592593 0.022569444444444444
0 0.6909722222222222 0.5138888888888888 0.009259259259259259 0.006944444444444444
0 0.6765046296296297 0.5138888888888888 0.008101851851851851 0.006944444444444444
0 0.6689814814814815 0.5138888888888888 0.004629629629629629 0.006944444444444444
0 0.6608796296296297 0.5138888888888888 0.006944444444444444 0.006944444444444444
0 0.6464120370370371 0.5143229166666666 0.008101851851851851 0.0078125
0 0.6371527777777778 0.5143229166666666 0.008101851851851851 0.0078125
0 0.6267361111111112 0.515625 0.008101851851851851 0.010416666666666666
0 0.6539351851851852 0.5130208333333334 0.004629629629629629 0.008680555555555556
0 0.6203703703703703 0.5091145833333334 0.0023148148148148147 0.0008680555555555555
0 0.6128472222222222 0.5134548611111112 0.010416666666666666 0.009548611111111112
0 0.6990740740740741 0.5125868055555556 0.004629629629629629 0.009548611111111112
0 0.38310185185185186 0.5121527777777778 0.004629629629629629 0.010416666666666666
0 0.33391203703703703 0.5125868055555556 0.019675925925925927 0.011284722222222222
0 0.4710648148148148 0.51171875 0.03009259259259259 0.011284722222222222
0 0.3524305555555556 0.51171875 0.015046296296296295 0.011284722222222222
0 0.2934027777777778 0.5112847222222222 0.015046296296296295 0.010416666666666666
0 0.4930555555555556 0.5104166666666666 0.013888888888888888 0.010416666666666666
0 0.37037037037037035 0.5130208333333334 0.011574074074074073 0.015625
0 0.3125 0.5121527777777778 0.018518518518518517 0.013888888888888888
0 0.27546296296296297 0.5108506944444444 0.016203703703703703 0.013020833333333334
0 0.44560185185185186 0.5104166666666666 0.018518518518518517 0.013888888888888888
0 0.4074074074074074 0.5099826388888888 0.023148148148148147 0.013020833333333334
0 0.2974537037037037 0.4848090277777778 0.0023148148148148147 0.0008680555555555555
0 0.2829861111111111 0.4852430555555556 0.003472222222222222 0.001736111111111111
0 0.27314814814814814 0.4852430555555556 0.0023148148148148147 0.001736111111111111
0 0.26851851851851855 0.4852430555555556 0.0023148148148148147 0.001736111111111111
0 0.2638888888888889 0.4852430555555556 0.0023148148148148147 0.001736111111111111
0 0.25925925925925924 0.4852430555555556 0.0023148148148148147 0.001736111111111111
0 0.25462962962962965 0.4852430555555556 0.0023148148148148147 0.001736111111111111
0 0.2361111111111111 0.4852430555555556 0.0023148148148148147 0.001736111111111111
0 0.3784722222222222 0.4839409722222222 0.0023148148148148147 0.0008680555555555555
0 0.3680555555555556 0.4839409722222222 0.0023148148148148147 0.0008680555555555555
0 0.36342592592592593 0.484375 0.0023148148148148147 0.001736111111111111
0 0.3587962962962963 0.484375 0.0023148148148148147 0.001736111111111111
0 0.3541666666666667 0.484375 0.0023148148148148147 0.001736111111111111
0 0.34953703703703703 0.484375 0.0023148148148148147 0.001736111111111111
0 0.3449074074074074 0.484375 0.0023148148148148147 0.001736111111111111
0 0.3402777777777778 0.484375 0.0023148148148148147 0.001736111111111111
0 0.33564814814814814 0.484375 0.0023148148148148147 0.001736111111111111
0 0.3304398148148148 0.484375 0.0011574074074074073 0.001736111111111111
0 0.3258101851851852 0.484375 0.0011574074074074073 0.001736111111111111
0 0.3211805555555556 0.484375 0.0011574074074074073 0.001736111111111111
0 0.3159722222222222 0.484375 0.0023148148148148147 0.001736111111111111
0 0.3113425925925926 0.484375 0.0023148148148148147 0.001736111111111111
0 0.30671296296296297 0.484375 0.0023148148148148147 0.001736111111111111
0 0.29282407407407407 0.4848090277777778 0.0023148148148148147 0.0026041666666666665
0 0.2881944444444444 0.484375 0.0023148148148148147 0.001736111111111111
0 0.27835648148148145 0.4848090277777778 0.0011574074074074073 0.0026041666666666665
0 0.44907407407407407 0.4830729166666667 0.0023148148148148147 0.0008680555555555555
0 0.4444444444444444 0.4830729166666667 0.0023148148148148147 0.0008680555555555555
0 0.4398148148148148 0.4830729166666667 0.0023148148148148147 0.0008680555555555555
0 0.4351851851851852 0.4835069444444444 0.0023148148148148147 0.001736111111111111
0 0.4305555555555556 0.4835069444444444 0.0023148148148148147 0.001736111111111111
0 0.42592592592592593 0.4835069444444444 0.0023148148148148147 0.001736111111111111
0 0.4212962962962963 0.4835069444444444 0.0023148148148148147 0.001736111111111111
0 0.41608796296296297 0.4835069444444444 0.0011574074074074073 0.001736111111111111
0 0.4114583333333333 0.4835069444444444 0.0011574074074074073 0.001736111111111111
0 0.4068287037037037 0.4835069444444444 0.0011574074074074073 0.001736111111111111
0 0.3923611111111111 0.4835069444444444 0.0023148148148148147 0.001736111111111111
0 0.38773148148148145 0.4835069444444444 0.0023148148148148147 0.001736111111111111
0 0.38310185185185186 0.4835069444444444 0.0023148148148148147 0.001736111111111111
0 0.3738425925925926 0.4835069444444444 0.0023148148148148147 0.001736111111111111
0 0.5445601851851852 0.4822048611111111 0.0011574074074074073 0.0008680555555555555
0 0.5347222222222222 0.4822048611111111 0.0023148148148148147 0.0008680555555555555
0 0.5300925925925926 0.4822048611111111 0.0023148148148148147 0.0008680555555555555
0 0.5254629629629629 0.4822048611111111 0.0023148148148148147 0.0008680555555555555
0 0.5208333333333334 0.4826388888888889 0.0023148148148148147 0.001736111111111111
0 0.5162037037037037 0.4826388888888889 0.0023148148148148147 0.001736111111111111
0 0.5115740740740741 0.4826388888888889 0.0023148148148148147 0.001736111111111111
0 0.5063657407407407 0.4826388888888889 0.0011574074074074073 0.001736111111111111
0 0.5017361111111112 0.4826388888888889 0.0011574074074074073 0.001736111111111111
0 0.4965277777777778 0.4826388888888889 0.0023148148148148147 0.001736111111111111
0 0.49189814814814814 0.4826388888888889 0.0023148148148148147 0.001736111111111111
0 0.47800925925925924 0.4826388888888889 0.0023148148148148147 0.001736111111111111
0 0.47337962962962965 0.4826388888888889 0.0023148148148148147 0.001736111111111111
0 0.4635416666666667 0.4826388888888889 0.0011574074074074073 0.001736111111111111
0 0.45891203703703703 0.4826388888888889 0.0011574074074074073 0.001736111111111111
0 0.4542824074074074 0.4826388888888889 0.0011574074074074073 0.001736111111111111
0 0.5729166666666666 0.4817708333333333 0.0023148148148148147 0.001736111111111111
0 0.5682870370370371 0.4817708333333333 0.0023148148148148147 0.001736111111111111
0 0.5636574074074074 0.4817708333333333 0.0023148148148148147 0.001736111111111111
0 0.5590277777777778 0.4817708333333333 0.0023148148148148147 0.001736111111111111
0 0.5543981481481481 0.4817708333333333 0.0023148148148148147 0.001736111111111111
0 0.5497685185185185 0.4817708333333333 0.0023148148148148147 0.001736111111111111
0 0.5399305555555556 0.4817708333333333 0.0011574074074074073 0.001736111111111111
0 0.11689814814814815 0.484375 0.004629629629629629 0.006944444444444444
0 0.10821759259259259 0.4856770833333333 0.008101851851851851 0.009548611111111112
0 0.09606481481481481 0.484375 0.013888888888888888 0.006944444444444444
0 0.16203703703703703 0.4835069444444444 0.009259259259259259 0.006944444444444444
0 0.14988425925925927 0.4835069444444444 0.01273148148148148 0.006944444444444444
0 0.13599537037037038 0.4835069444444444 0.01273148148148148 0.006944444444444444
0 0.1244212962962963 0.4839409722222222 0.008101851851851851 0.0078125
0 0.7835648148148148 0.4796006944444444 0.0023148148148148147 0.0008680555555555555
0 0.7731481481481481 0.4796006944444444 0.0023148148148148147 0.0008680555555555555
0 0.7685185185185185 0.4796006944444444 0.0023148148148148147 0.0008680555555555555
0 0.7638888888888888 0.4796006944444444 0.0023148148148148147 0.0008680555555555555
0 0.7592592592592593 0.4796006944444444 0.0023148148148148147 0.0008680555555555555
0 0.7546296296296297 0.4796006944444444 0.0023148148148148147 0.0008680555555555555
0 0.7488425925925926 0.4800347222222222 0.0023148148148148147 0.001736111111111111
0 0.7442129629629629 0.4796006944444444 0.0023148148148148147 0.0008680555555555555
0 0.7395833333333334 0.4796006944444444 0.0023148148148148147 0.0008680555555555555
0 0.7349537037037037 0.4800347222222222 0.0023148148148148147 0.001736111111111111
0 0.7297453703703703 0.4800347222222222 0.0011574074074074073 0.001736111111111111
0 0.7193287037037037 0.4800347222222222 0.0011574074074074073 0.001736111111111111
0 0.2355324074074074 0.4800347222222222 0.0011574074074074073 0.001736111111111111
0 0.8530092592592593 0.4787326388888889 0.0023148148148148147 0.0008680555555555555
0 0.8472222222222222 0.4787326388888889 0.0023148148148148147 0.0008680555555555555
0 0.8425925925925926 0.4787326388888889 0.0023148148148148147 0.0008680555555555555
0 0.8379629629629629 0.4787326388888889 0.0023148148148148147 0.0008680555555555555
0 0.8321759259259259 0.4787326388888889 0.0023148148148148147 0.0008680555555555555
0 0.8275462962962963 0.4787326388888889 0.0023148148148148147 0.0008680555555555555
0 0.8229166666666666 0.4787326388888889 0.0023148148148148147 0.0008680555555555555
0 0.8182870370370371 0.4787326388888889 0.0023148148148148147 0.0008680555555555555
0 0.8125 0.4791666666666667 0.0023148148148148147 0.001736111111111111
0 0.8078703703703703 0.4791666666666667 0.0023148148148148147 0.001736111111111111
0 0.8032407407407407 0.4791666666666667 0.0023148148148148147 0.001736111111111111
0 0.7980324074074074 0.4791666666666667 0.0011574074074074073 0.001736111111111111
0 0.7934027777777778 0.4791666666666667 0.0011574074074074073 0.001736111111111111
0 0.7881944444444444 0.4791666666666667 0.0023148148148148147 0.001736111111111111
0 0.7789351851851852 0.4791666666666667 0.0023148148148148147 0.001736111111111111
0 0.08275462962962964 0.4830729166666667 0.010416666666666666 0.009548611111111112
0 0.8877314814814815 0.4782986111111111 0.0023148148148148147 0.001736111111111111
0 0.8819444444444444 0.4782986111111111 0.0023148148148148147 0.001736111111111111
0 0.8773148148148148 0.4782986111111111 0.0023148148148148147 0.001736111111111111
0 0.8726851851851852 0.4782986111111111 0.0023148148148148147 0.001736111111111111
0 0.8576388888888888 0.4782986111111111 0.0023148148148148147 0.001736111111111111
0 0.32175925925925924 0.4765625 0.006944444444444444 0.001736111111111111
0 0.6383101851851852 0.4782986111111111 0.008101851851851851 0.006944444444444444
0 0.6232638888888888 0.4782986111111111 0.008101851851851851 0.006944444444444444
0 0.7193287037037037 0.4748263888888889 0.0011574074074074073 0.001736111111111111
0 0.6313657407407407 0.4774305555555556 0.003472222222222222 0.008680555555555556
0 0.8217592592592593 0.4735243055555556 0.0023148148148148147 0.0026041666666666665
0 0.7748842592592593 0.4735243055555556 0.003472222222222222 0.0026041666666666665
0 0.6128472222222222 0.4769965277777778 0.010416666666666666 0.009548611111111112
0 0.47337962962962965 0.4769965277777778 0.011574074074074073 0.013020833333333334
0 0.43287037037037035 0.4752604166666667 0.013888888888888888 0.011284722222222222
0 0.34664351851851855 0.4752604166666667 0.01273148148148148 0.011284722222222222
0 0.3761574074074074 0.4752604166666667 0.011574074074074073 0.013020833333333334
0 0.3599537037037037 0.4748263888888889 0.011574074074074073 0.012152777777777778
0 0.2991898148148148 0.4769965277777778 0.01273148148148148 0.016493055555555556
0 0.4554398148148148 0.4748263888888889 0.019675925925925927 0.013888888888888888
0 0.2818287037037037 0.4752604166666667 0.015046296296296295 0.014756944444444444
0 0.8084490740740741 0.4717881944444444 0.010416666666666666 0.009548611111111112
0 0.7934027777777778 0.4713541666666667 0.003472222222222222 0.010416666666666666
0 0.8605324074074074 0.47265625 0.015046296296296295 0.014756944444444444
0 0.8420138888888888 0.4709201388888889 0.015046296296296295 0.011284722222222222
0 0.7609953703703703 0.4704861111111111 0.015046296296296295 0.010416666666666666
0 0.4832175925925926 0.4743923611111111 0.015046296296296295 0.018229166666666668
0 0.4085648148148148 0.4735243055555556 0.027777777777777776 0.021701388888888888
0 0.26851851851851855 0.4496527777777778 0.0023148148148148147 0.001736111111111111
0 0.2638888888888889 0.44921875 0.0023148148148148147 0.0008680555555555555
0 0.2586805555555556 0.4496527777777778 0.0011574074074074073 0.001736111111111111
0 0.25462962962962965 0.4496527777777778 0.0023148148148148147 0.001736111111111111
0 0.2349537037037037 0.4496527777777778 0.0023148148148148147 0.001736111111111111
0 0.3489583333333333 0.4483506944444444 0.003472222222222222 0.0008680555555555555
0 0.33912037037037035 0.4487847222222222 0.0023148148148148147 0.001736111111111111
0 0.3298611111111111 0.4487847222222222 0.0023148148148148147 0.001736111111111111
0 0.32523148148148145 0.4487847222222222 0.0023148148148148147 0.001736111111111111
0 0.3159722222222222 0.4487847222222222 0.0023148148148148147 0.001736111111111111
0 0.3113425925925926 0.4487847222222222 0.0023148148148148147 0.001736111111111111
0 0.30613425925925924 0.4487847222222222 0.0011574074074074073 0.001736111111111111
0 0.30092592592592593 0.4487847222222222 0.0023148148148148147 0.001736111111111111
0 0.296875 0.4487847222222222 0.0011574074074074073 0.001736111111111111
0 0.2916666666666667 0.4487847222222222 0.0023148148148148147 0.001736111111111111
0 0.2824074074074074 0.4487847222222222 0.0023148148148148147 0.001736111111111111
0 0.27314814814814814 0.44921875 0.0023148148148148147 0.0026041666666666665
0 0.42476851851851855 0.4474826388888889 0.0023148148148148147 0.0008680555555555555
0 0.4201388888888889 0.4474826388888889 0.0023148148148148147 0.0008680555555555555
0 0.41550925925925924 0.4479166666666667 0.0023148148148148147 0.001736111111111111
0 0.4010416666666667 0.4479166666666667 0.0011574074074074073 0.001736111111111111
0 0.39699074074074076 0.4479166666666667 0.0023148148148148147 0.001736111111111111
0 0.38252314814814814 0.4479166666666667 0.0011574074074074073 0.001736111111111111
0 0.3773148148148148 0.4479166666666667 0.0023148148148148147 0.001736111111111111
0 0.3726851851851852 0.4479166666666667 0.0023148148148148147 0.001736111111111111
0 0.3680555555555556 0.4479166666666667 0.0023148148148148147 0.001736111111111111
0 0.3587962962962963 0.4479166666666667 0.0023148148148148147 0.001736111111111111
0 0.3541666666666667 0.4479166666666667 0.0023148148148148147 0.001736111111111111
0 0.5150462962962963 0.4466145833333333 0.0023148148148148147 0.0008680555555555555
0 0.5104166666666666 0.4466145833333333 0.0023148148148148147 0.0008680555555555555
0 0.5057870370370371 0.4466145833333333 0.0023148148148148147 0.0008680555555555555
0 0.5005787037037037 0.4466145833333333 0.0011574074074074073 0.0008680555555555555
0 0.4965277777777778 0.4466145833333333 0.0023148148148148147 0.0008680555555555555
0 0.4913194444444444 0.4470486111111111 0.0011574074074074073 0.001736111111111111
0 0.4861111111111111 0.4466145833333333 0.0023148148148148147 0.0008680555555555555
0 0.4820601851851852 0.4470486111111111 0.0011574074074074073 0.001736111111111111
0 0.47685185185185186 0.4470486111111111 0.0023148148148148147 0.001736111111111111
0 0.4722222222222222 0.4470486111111111 0.0023148148148148147 0.001736111111111111
0 0.4675925925925926 0.4470486111111111 0.0023148148148148147 0.001736111111111111
0 0.46296296296296297 0.4470486111111111 0.0023148148148148147 0.001736111111111111
0 0.4583333333333333 0.4470486111111111 0.0023148148148148147 0.001736111111111111
0 0.4537037037037037 0.4470486111111111 0.0023148148148148147 0.001736111111111111
0 0.44907407407407407 0.4470486111111111 0.0023148148148148147 0.001736111111111111
0 0.44386574074074076 0.4470486111111111 0.0011574074074074073 0.001736111111111111
0 0.4392361111111111 0.4470486111111111 0.0011574074074074073 0.001736111111111111
0 0.43460648148148145 0.4470486111111111 0.0011574074074074073 0.001736111111111111
0 0.42939814814814814 0.4474826388888889 0.0023148148148148147 0.0026041666666666665
0 0.5723379629629629 0.4457465277777778 0.0011574074074074073 0.0008680555555555555
0 0.5671296296296297 0.4461805555555556 0.0023148148148148147 0.001736111111111111
0 0.5625 0.4457465277777778 0.0023148148148148147 0.0008680555555555555
0 0.5578703703703703 0.4461805555555556 0.0023148148148148147 0.001736111111111111
0 0.5532407407407407 0.4457465277777778 0.0023148148148148147 0.0008680555555555555
0 0.5486111111111112 0.4461805555555556 0.0023148148148148147 0.001736111111111111
0 0.5439814814814815 0.4461805555555556 0.0023148148148148147 0.001736111111111111
0 0.5393518518518519 0.4461805555555556 0.0023148148148148147 0.001736111111111111
0 0.5341435185185185 0.4461805555555556 0.0011574074074074073 0.001736111111111111
0 0.5295138888888888 0.4461805555555556 0.0011574074074074073 0.001736111111111111
0 0.5248842592592593 0.4461805555555556 0.0011574074074074073 0.001736111111111111
0 0.5196759259259259 0.4461805555555556 0.0023148148148148147 0.001736111111111111
0 0.1440972222222222 0.4479166666666667 0.008101851851851851 0.006944444444444444
0 0.1267361111111111 0.4479166666666667 0.008101851851851851 0.006944444444444444
0 0.11747685185185185 0.4479166666666667 0.008101851851851851 0.006944444444444444
0 0.09837962962962964 0.4483506944444444 0.006944444444444444 0.0078125
0 0.2349537037037037 0.4440104166666667 0.0023148148148148147 0.0008680555555555555
0 0.19386574074074073 0.4470486111111111 0.008101851851851851 0.006944444444444444
0 0.18229166666666666 0.4474826388888889 0.01273148148148148 0.0078125
0 0.1707175925925926 0.4474826388888889 0.008101851851851851 0.0078125
0 0.7627314814814815 0.4435763888888889 0.0023148148148148147 0.001736111111111111
0 0.7581018518518519 0.4435763888888889 0.0023148148148148147 0.001736111111111111
0 0.7534722222222222 0.4435763888888889 0.0023148148148148147 0.001736111111111111
0 0.7436342592592593 0.4435763888888889 0.0011574074074074073 0.001736111111111111
0 0.7384259259259259 0.4435763888888889 0.0023148148148148147 0.001736111111111111
0 0.7337962962962963 0.4435763888888889 0.0023148148148148147 0.001736111111111111
0 0.7291666666666666 0.4435763888888889 0.0023148148148148147 0.001736111111111111
0 0.71875 0.4435763888888889 0.0023148148148148147 0.001736111111111111
0 0.13425925925925927 0.4470486111111111 0.004629629629629629 0.008680555555555556
0 0.09143518518518519 0.4474826388888889 0.004629629629629629 0.009548611111111112
0 0.08275462962962964 0.4474826388888889 0.010416666666666666 0.009548611111111112
0 0.8217592592592593 0.4427083333333333 0.0023148148148148147 0.001736111111111111
0 0.8171296296296297 0.4427083333333333 0.0023148148148148147 0.001736111111111111
0 0.8125 0.4427083333333333 0.0023148148148148147 0.001736111111111111
0 0.8078703703703703 0.4427083333333333 0.0023148148148148147 0.001736111111111111
0 0.8020833333333334 0.4427083333333333 0.0023148148148148147 0.001736111111111111
0 0.7974537037037037 0.4427083333333333 0.0023148148148148147 0.001736111111111111
0 0.7928240740740741 0.4427083333333333 0.0023148148148148147 0.001736111111111111
0 0.7876157407407407 0.4427083333333333 0.0011574074074074073 0.001736111111111111
0 0.7824074074074074 0.4427083333333333 0.0023148148148148147 0.001736111111111111
0 0.7731481481481481 0.4427083333333333 0.0023148148148148147 0.001736111111111111
0 0.7685185185185185 0.4427083333333333 0.0023148148148148147 0.001736111111111111
0 0.2986111111111111 0.4431423611111111 0.0023148148148148147 0.0026041666666666665
0 0.15914351851851852 0.4466145833333333 0.010416666666666666 0.009548611111111112
0 0.13831018518518517 0.4431423611111111 0.0011574074074074073 0.0026041666666666665
0 0.10706018518518519 0.4466145833333333 0.008101851851851851 0.009548611111111112
0 0.8865740740740741 0.44140625 0.0023148148148148147 0.0008680555555555555
0 0.8819444444444444 0.4418402777777778 0.0023148148148148147 0.001736111111111111
0 0.8715277777777778 0.4418402777777778 0.0023148148148148147 0.001736111111111111
0 0.8570601851851852 0.4418402777777778 0.003472222222222222 0.001736111111111111
0 0.8518518518518519 0.4418402777777778 0.0023148148148148147 0.001736111111111111
0 0.8472222222222222 0.4418402777777778 0.0023148148148148147 0.001736111111111111
0 0.8368055555555556 0.4418402777777778 0.0023148148148148147 0.001736111111111111
0 0.8321759259259259 0.4418402777777778 0.0023148148148148147 0.001736111111111111
0 0.8773148148148148 0.44140625 0.0023148148148148147 0.0026041666666666665
0 0.6446759259259259 0.4418402777777778 0.006944444444444444 0.006944444444444444
0 0.6359953703703703 0.4418402777777778 0.008101851851851851 0.006944444444444444
0 0.6267361111111112 0.4422743055555556 0.008101851851851851 0.0078125
0 0.71875 0.4383680555555556 0.0023148148148148147 0.001736111111111111
0 0.6203703703703703 0.44140625 0.0023148148148148147 0.009548611111111112
0 0.6116898148148148 0.44140625 0.010416666666666666 0.009548611111111112
0 0.3570601851851852 0.4418402777777778 0.015046296296296295 0.013888888888888888
0 0.4074074074074074 0.44140625 0.011574074074074073 0.014756944444444444
0 0.3917824074074074 0.44140625 0.01273148148148148 0.014756944444444444
0 0.4398148148148148 0.4392361111111111 0.016203703703703703 0.012152777777777778
0 0.3755787037037037 0.4401041666666667 0.015046296296296295 0.013888888888888888
0 0.33969907407407407 0.44140625 0.017361111111111112 0.016493055555555556
0 0.2829861111111111 0.44140625 0.015046296296296295 0.016493055555555556
0 0.4236111111111111 0.4388020833333333 0.013888888888888888 0.013020833333333334
0 0.32175925925925924 0.4409722222222222 0.016203703703703703 0.017361111111111112
0 0.8460648148148148 0.4366319444444444 0.011574074074074073 0.012152777777777778
0 0.8269675925925926 0.4370659722222222 0.003472222222222222 0.013020833333333334
0 0.7569444444444444 0.4370659722222222 0.018518518518518517 0.014756944444444444
0 0.8159722222222222 0.4344618055555556 0.018518518518518517 0.011284722222222222
0 0.7783564814814815 0.4361979166666667 0.015046296296296295 0.014756944444444444
0 0.8651620370370371 0.4353298611111111 0.01273148148148148 0.014756944444444444
0 0.7962962962962963 0.4344618055555556 0.016203703703703703 0.013020833333333334
0 0.7476851851851852 0.4092881944444444 0.0023148148148148147 0.0008680555555555555
0 0.48726851851851855 0.3676215277777778 0.47685185185185186 0.06510416666666667
0 0.3263888888888889 0.3081597222222222 0.0023148148148148147 0.003472222222222222
0 0.1892361111111111 0.3098958333333333 0.01273148148148148 0.010416666666666666
0 0.17476851851851852 0.3098958333333333 0.013888888888888888 0.010416666666666666
0 0.1597222222222222 0.3103298611111111 0.013888888888888888 0.011284722222222222
0 0.14525462962962962 0.3103298611111111 0.01273148148148148 0.011284722222222222
0 0.28703703703703703 0.3090277777777778 0.013888888888888888 0.010416666666666666
0 0.2690972222222222 0.3090277777777778 0.010416666666666666 0.010416666666666666
0 0.25578703703703703 0.3094618055555556 0.013888888888888888 0.011284722222222222
0 0.24074074074074073 0.3094618055555556 0.013888888888888888 0.011284722222222222
0 0.22569444444444445 0.3094618055555556 0.013888888888888888 0.011284722222222222
0 0.21006944444444445 0.3094618055555556 0.01273148148148148 0.011284722222222222
0 0.19907407407407407 0.3094618055555556 0.004629629629629629 0.011284722222222222
0 0.34837962962962965 0.30859375 0.009259259259259259 0.011284722222222222
0 0.3368055555555556 0.30859375 0.009259259259259259 0.011284722222222222
0 0.32407407407407407 0.30859375 0.011574074074074073 0.011284722222222222
0 0.3119212962962963 0.30859375 0.010416666666666666 0.011284722222222222
0 0.3003472222222222 0.30859375 0.010416666666666666 0.011284722222222222
0 0.4068287037037037 0.3072916666666667 0.01273148148148148 0.010416666666666666
0 0.3923611111111111 0.3077256944444444 0.013888888888888888 0.011284722222222222
0 0.36921296296296297 0.3077256944444444 0.03009259259259259 0.011284722222222222
0 0.46122685185185186 0.3068576388888889 0.01273148148148148 0.011284722222222222
0 0.44907407407407407 0.3068576388888889 0.009259259259259259 0.011284722222222222
0 0.42997685185185186 0.3068576388888889 0.024305555555555556 0.011284722222222222
0 0.6603009259259259 0.3012152777777778 0.3576388888888889 0.034722222222222224
0 0.4461805555555556 0.2747395833333333 0.003472222222222222 0.004340277777777778
0 0.421875 0.2703993055555556 0.0011574074074074073 0.0008680555555555555
0 0.6192129629629629 0.2699652777777778 0.0023148148148148147 0.001736111111111111
0 0.5376157407407407 0.2690972222222222 0.005787037037037037 0.001736111111111111
0 0.35532407407407407 0.2703993055555556 0.011574074074074073 0.011284722222222222
0 0.4369212962962963 0.2690972222222222 0.010416666666666666 0.010416666666666666
0 0.4224537037037037 0.26953125 0.013888888888888888 0.011284722222222222
0 0.39641203703703703 0.26953125 0.03587962962962963 0.011284722222222222
0 0.3697916666666667 0.2699652777777778 0.01273148148148148 0.012152777777777778
0 0.47627314814814814 0.2686631944444444 0.015046296296296295 0.011284722222222222
0 0.4600694444444444 0.2686631944444444 0.01273148148148148 0.011284722222222222
0 0.5069444444444444 0.2677951388888889 0.013888888888888888 0.011284722222222222
0 0.4913194444444444 0.2677951388888889 0.015046296296296295 0.011284722222222222
0 0.5219907407407407 0.2673611111111111 0.011574074074074073 0.012152777777777778
0 0.6001157407407407 0.2660590277777778 0.003472222222222222 0.011284722222222222
0 0.5891203703703703 0.2660590277777778 0.009259259259259259 0.011284722222222222
0 0.5734953703703703 0.2660590277777778 0.008101851851851851 0.011284722222222222
0 0.5619212962962963 0.2664930555555556 0.008101851851851851 0.012152777777777778
0 0.5520833333333334 0.2664930555555556 0.009259259259259259 0.012152777777777778
0 0.6111111111111112 0.2651909722222222 0.009259259259259259 0.011284722222222222
0 0.5804398148148148 0.24869791666666666 0.003472222222222222 0.004340277777777778
0 0.3368055555555556 0.24913194444444445 0.004629629629629629 0.008680555555555556
0 0.3246527777777778 0.24522569444444445 0.0011574074074074073 0.0008680555555555555
0 0.375 0.2482638888888889 0.009259259259259259 0.008680555555555556
0 0.3582175925925926 0.2482638888888889 0.010416666666666666 0.008680555555555556
0 0.34953703703703703 0.24869791666666666 0.004629629629629629 0.009548611111111112
0 0.41030092592592593 0.2478298611111111 0.010416666666666666 0.009548611111111112
0 0.4675925925925926 0.2465277777777778 0.009259259259259259 0.008680555555555556
0 0.45601851851851855 0.24696180555555555 0.011574074074074073 0.009548611111111112
0 0.36689814814814814 0.24739583333333334 0.006944444444444444 0.010416666666666666
0 0.53125 0.2456597222222222 0.009259259259259259 0.008680555555555556
0 0.5196759259259259 0.2456597222222222 0.011574074074074073 0.008680555555555556
0 0.5040509259259259 0.2456597222222222 0.017361111111111112 0.008680555555555556
0 0.40162037037037035 0.2465277777777778 0.006944444444444444 0.010416666666666666
0 0.32233796296296297 0.24739583333333334 0.005787037037037037 0.012152777777777778
0 0.30960648148148145 0.24739583333333334 0.015046296296296295 0.012152777777777778
0 0.296875 0.24913194444444445 0.005787037037037037 0.015625
0 0.5567129629629629 0.24479166666666666 0.004629629629629629 0.008680555555555556
0 0.5491898148148148 0.24479166666666666 0.008101851851851851 0.008680555555555556
0 0.5405092592592593 0.24479166666666666 0.006944444444444444 0.008680555555555556
0 0.34953703703703703 0.24131944444444445 0.0023148148148148147 0.001736111111111111
0 0.3431712962962963 0.24696180555555555 0.003472222222222222 0.013020833333333334
0 0.33101851851851855 0.24696180555555555 0.013888888888888888 0.013020833333333334
0 0.6226851851851852 0.2439236111111111 0.009259259259259259 0.008680555555555556
0 0.4351851851851852 0.2456597222222222 0.027777777777777776 0.012152777777777778
0 0.38599537037037035 0.24609375 0.010416666666666666 0.013020833333333334
0 0.6660879629629629 0.24305555555555555 0.003472222222222222 0.008680555555555556
0 0.6574074074074074 0.24305555555555555 0.009259259259259259 0.008680555555555556
0 0.6400462962962963 0.24305555555555555 0.023148148148148147 0.008680555555555556
0 0.5694444444444444 0.2456597222222222 0.018518518518518517 0.013888888888888888
0 0.4866898148148148 0.2443576388888889 0.015046296296296295 0.013020833333333334
0 0.5104166666666666 0.23828125 0.0023148148148148147 0.0026041666666666665
0 0.5972222222222222 0.2421875 0.013888888888888888 0.012152777777777778
0 0.5567129629629629 0.23697916666666666 0.0023148148148148147 0.001736111111111111
0 0.6105324074074074 0.2417534722222222 0.010416666666666666 0.013020833333333334
0 0.6730324074074074 0.2421875 0.005787037037037037 0.015625
0 0.6655092592592593 0.23524305555555555 0.0023148148148148147 0.001736111111111111
0 0.41087962962962965 0.2230902777777778 0.016203703703703703 0.012152777777777778
0 0.39872685185185186 0.2248263888888889 0.005787037037037037 0.015625
0 0.4351851851851852 0.22265625 0.03009259259259259 0.013020833333333334
0 0.49363425925925924 0.22135416666666666 0.015046296296296295 0.012152777777777778
0 0.47627314814814814 0.22178819444444445 0.017361111111111112 0.013020833333333334
0 0.45949074074074076 0.22178819444444445 0.016203703703703703 0.013020833333333334
0 0.5318287037037037 0.2204861111111111 0.015046296296296295 0.012152777777777778
0 0.5133101851851852 0.2209201388888889 0.019675925925925927 0.013020833333333334
0 0.5752314814814815 0.22135416666666666 0.006944444444444444 0.015625
0 0.5642361111111112 0.21961805555555555 0.010416666666666666 0.012152777777777778
0 0.5497685185185185 0.22005208333333334 0.016203703703703703 0.013020833333333334
0 0.17997685185185186 0.20008680555555555 0.017361111111111112 0.014756944444444444
0 0.15856481481481483 0.20052083333333334 0.020833333333333332 0.015625
0 0.13599537037037038 0.20052083333333334 0.019675925925925927 0.015625
0 0.2193287037037037 0.19921875 0.017361111111111112 0.014756944444444444
0 0.20023148148148148 0.1996527777777778 0.018518518518518517 0.015625
0 0.24131944444444445 0.1987847222222222 0.02199074074074074 0.015625
0 0.2916666666666667 0.19791666666666666 0.020833333333333332 0.015625
0 0.2621527777777778 0.19835069444444445 0.017361111111111112 0.016493055555555556
0 0.33796296296296297 0.1970486111111111 0.018518518518518517 0.015625
0 0.3130787037037037 0.1970486111111111 0.015046296296296295 0.015625
0 0.3582175925925926 0.19661458333333334 0.019675925925925927 0.016493055555555556
0 0.4149305555555556 0.1953125 0.019675925925925927 0.015625
0 0.39872685185185186 0.1957465277777778 0.010416666666666666 0.016493055555555556
0 0.38136574074074076 0.1957465277777778 0.02199074074074074 0.016493055555555556
0 0.45601851851851855 0.19444444444444445 0.018518518518518517 0.015625
0 0.4357638888888889 0.1948784722222222 0.017361111111111112 0.016493055555555556
0 0.4832175925925926 0.19401041666666666 0.03125 0.016493055555555556
0 0.5625 0.19270833333333334 0.020833333333333332 0.015625
0 0.5341435185185185 0.19270833333333334 0.02199074074074074 0.015625
0 0.5104166666666666 0.1931423611111111 0.020833333333333332 0.016493055555555556
0 0.5949074074074074 0.1918402777777778 0.041666666666666664 0.015625
0 0.6342592592592593 0.1909722222222222 0.018518518518518517 0.015625
0 0.6539351851851852 0.19053819444444445 0.018518518518518517 0.016493055555555556
0 0.6753472222222222 0.1896701388888889 0.019675925925925927 0.016493055555555556
0 0.7673611111111112 0.18836805555555555 0.018518518518518517 0.015625
0 0.7447916666666666 0.18836805555555555 0.02199074074074074 0.015625
0 0.7094907407407407 0.1892361111111111 0.04398148148148148 0.017361111111111112
0 0.7887731481481481 0.1875 0.02199074074074074 0.015625
0 0.8130787037037037 0.18663194444444445 0.02199074074074074 0.015625
0 0.8356481481481481 0.18619791666666666 0.020833333333333332 0.016493055555555556
0 0.3888888888888889 0.15755208333333334 0.03009259259259259 0.0234375
0 0.44907407407407407 0.1566840277777778 0.027777777777777776 0.0234375
0 0.4195601851851852 0.15711805555555555 0.02662037037037037 0.024305555555555556
0 0.4809027777777778 0.1558159722222222 0.03125 0.0234375
0 0.5115740740740741 0.15494791666666666 0.027777777777777776 0.0234375
0 0.5763888888888888 0.1540798611111111 0.032407407407407406 0.0234375
0 0.5428240740740741 0.1545138888888889 0.03009259259259259 0.024305555555555556
0 0.45717592592592593 0.0993923611111111 0.0023148148148148147 0.0026041666666666665
0 0.4525462962962963 0.09418402777777778 0.0023148148148148147 0.004340277777777778
0 0.44386574074074076 0.08723958333333333 0.0011574074074074073 0.0008680555555555555
0 0.44849537037037035 0.061197916666666664 0.003472222222222222 0.004340277777777778
0 0.515625 0.059027777777777776 0.0011574074074074073 0.001736111111111111
0 0.5052083333333334 0.059027777777777776 0.003472222222222222 0.001736111111111111
0 0.4809027777777778 0.09288194444444445 0.10300925925925926 0.07291666666666667
0 0.49537037037037035 0.055989583333333336 0.0023148148148148147 0.0008680555555555555
0 0.4600694444444444 0.05555555555555555 0.003472222222222222 0.001736111111111111
0 0.4832175925925926 0.054253472222222224 0.005787037037037037 0.0008680555555555555
0 0.4895833333333333 0.05295138888888889 0.016203703703703703 0.003472222222222222
0 0.4710648148148148 0.05295138888888889 0.016203703703703703 0.003472222222222222
0 0.4826388888888889 0.04991319444444445 0.0023148148148148147 0.0008680555555555555
0 0.10416666666666667 0.0030381944444444445 0.20833333333333334 0.006076388888888889
