0 0.5364583333333334 0.97265625 0.0011574074074074073 0.0008680555555555555
0 0.9803240740740741 0.9796006944444444 0.03935185185185185 0.04079861111111111
0 0.9959490740740741 0.9435763888888888 0.003472222222222222 0.001736111111111111
0 0.9924768518518519 0.9405381944444444 0.003472222222222222 0.0026041666666666665
0 0.9982638888888888 0.9401041666666666 0.003472222222222222 0.003472222222222222
0 0.5219907407407407 0.8572048611111112 0.004629629629629629 0.0008680555555555555
0 0.5179398148148148 0.8572048611111112 0.0011574074074074073 0.0008680555555555555
0 0.5092592592592593 0.8572048611111112 0.0023148148148148147 0.0008680555555555555
0 0.49537037037037035 0.9071180555555556 0.8958333333333334 0.10590277777777778
0 0.9328703703703703 0.5629340277777778 0.0023148148148148147 0.0008680555555555555
0 0.24479166666666666 0.6979166666666666 0.3645833333333333 0.2760416666666667
0 0.6805555555555556 0.6935763888888888 0.47453703703703703 0.2795138888888889
0 0.7604166666666666 0.5099826388888888 0.0023148148148148147 0.0008680555555555555
0 0.7401620370370371 0.5104166666666666 0.0011574074074074073 0.001736111111111111
0 0.7355324074074074 0.5104166666666666 0.0011574074074074073 0.001736111111111111
0 0.7309027777777778 0.5104166666666666 0.0011574074074074073 0.001736111111111111
0 0.7199074074074074 0.5104166666666666 0.0023148148148148147 0.001736111111111111
0 0.8101851851851852 0.5091145833333334 0.0023148148148148147 0.0008680555555555555
0 0.8009259259259259 0.5095486111111112 0.0023148148148148147 0.001736111111111111
0 0.7505787037037037 0.5099826388888888 0.0011574074074074073 0.0026041666666666665
0 0.8715277777777778 0.5086805555555556 0.0023148148148148147 0.001736111111111111
0 0.8657407407407407 0.5086805555555556 0.0023148148148148147 0.001736111111111111
0 0.8611111111111112 0.5086805555555556 0.0023148148148148147 0.001736111111111111
0 0.8559027777777778 0.5086805555555556 0.0011574074074074073 0.001736111111111111
0 0.8506944444444444 0.5086805555555556 0.0023148148148148147 0.001736111111111111
0 0.8460648148148148 0.5086805555555556 0.0023148148148148147 0.001736111111111111
0 0.8402777777777778 0.5086805555555556 0.0023148148148148147 0.001736111111111111
0 0.8356481481481481 0.5086805555555556 0.0023148148148148147 0.001736111111111111
0 0.8310185185185185 0.5086805555555556 0.0023148148148148147 0.001736111111111111
0 0.8252314814814815 0.5086805555555556 0.0023148148148148147 0.001736111111111111
0 0.8153935185185185 0.5091145833333334 0.0011574074074074073 0.0026041666666666665
0 0.8912037037037037 0.5082465277777778 0.0023148148148148147 0.0026041666666666665
0 0.8859953703703703 0.5078125 0.003472222222222222 0.001736111111111111
0 0.8761574074074074 0.5078125 0.0023148148148148147 0.001736111111111111
0 0.6064814814814815 0.5091145833333334 0.0023148148148148147 0.006076388888888889
0 0.6423611111111112 0.5086805555555556 0.0023148148148148147 0.006944444444444444
0 0.6359953703703703 0.5099826388888888 0.008101851851851851 0.009548611111111112
0 0.6290509259259259 0.5086805555555556 0.0011574074074074073 0.006944444444444444
0 0.6226851851851852 0.5086805555555556 0.006944444444444444 0.006944444444444444
0 0.6128472222222222 0.5091145833333334 0.008101851851851851 0.0078125
0 0.7199074074074074 0.5047743055555556 0.0023148148148148147 0.0008680555555555555
0 0.6770833333333334 0.5078125 0.004629629629629629 0.006944444444444444
0 0.6684027777777778 0.5082465277777778 0.008101851851851851 0.0078125
0 0.6533564814814815 0.5082465277777778 0.008101851851851851 0.0078125
0 0.6608796296296297 0.5078125 0.004629629629629629 0.008680555555555556
0 0.6064814814814815 0.50390625 0.0023148148148148147 0.0008680555555555555
0 0.6469907407407407 0.5073784722222222 0.0023148148148148147 0.009548611111111112
0 0.6423611111111112 0.5034722222222222 0.0023148148148148147 0.001736111111111111
0 0.6290509259259259 0.5034722222222222 0.0011574074074074073 0.001736111111111111
0 0.22337962962962962 0.5030381944444444 0.0023148148148148147 0.0008680555555555555
0 0.24305555555555555 0.5026041666666666 0.0023148148148148147 0.001736111111111111
0 0.3159722222222222 0.5017361111111112 0.0023148148148148147 0.001736111111111111
0 0.30671296296296297 0.5017361111111112 0.0023148148148148147 0.001736111111111111
0 0.296875 0.5017361111111112 0.0011574074074074073 0.001736111111111111
0 0.2916666666666667 0.5017361111111112 0.0023148148148148147 0.001736111111111111
0 0.28703703703703703 0.5017361111111112 0.0023148148148148147 0.001736111111111111
0 0.27719907407407407 0.5021701388888888 0.0011574074074074073 0.0026041666666666665
0 0.8929398148148148 0.5060763888888888 0.015046296296296295 0.012152777777777778
0 0.3993055555555556 0.5004340277777778 0.0023148148148148147 0.0008680555555555555
0 0.39467592592592593 0.5004340277777778 0.0023148148148148147 0.0008680555555555555
0 0.3894675925925926 0.5004340277777778 0.0011574074074074073 0.0008680555555555555
0 0.38425925925925924 0.5004340277777778 0.0023148148148148147 0.0008680555555555555
0 0.3599537037037037 0.5008680555555556 0.0023148148148148147 0.001736111111111111
0 0.45775462962962965 0.4995659722222222 0.0011574074074074073 0.0008680555555555555
0 0.453125 0.4995659722222222 0.0011574074074074073 0.0008680555555555555
0 0.41898148148148145 0.5 0.0023148148148148147 0.001736111111111111
0 0.08854166666666667 0.5026041666666666 0.008101851851851851 0.006944444444444444
0 0.07928240740740741 0.5026041666666666 0.008101851851851851 0.006944444444444444
0 0.4774305555555556 0.4991319444444444 0.0011574074074074073 0.001736111111111111
0 0.11284722222222222 0.5021701388888888 0.008101851851851851 0.0078125
0 0.10069444444444445 0.5021701388888888 0.013888888888888888 0.0078125
0 0.5700231481481481 0.4978298611111111 0.0011574074074074073 0.0008680555555555555
0 0.5648148148148148 0.4978298611111111 0.0023148148148148147 0.0008680555555555555
0 0.1909722222222222 0.5008680555555556 0.0023148148148148147 0.006944444444444444
0 0.1597222222222222 0.5013020833333334 0.009259259259259259 0.0078125
0 0.1400462962962963 0.5013020833333334 0.009259259259259259 0.0078125
0 0.9050925925925926 0.50390625 0.006944444444444444 0.014756944444444444
0 0.22337962962962962 0.4973958333333333 0.0023148148148148147 0.001736111111111111
0 0.20717592592592593 0.5004340277777778 0.009259259259259259 0.0078125
0 0.06828703703703703 0.5013020833333334 0.011574074074074073 0.009548611111111112
0 0.14988425925925927 0.5004340277777778 0.008101851851851851 0.009548611111111112
0 0.1284722222222222 0.5004340277777778 0.011574074074074073 0.009548611111111112
0 0.9496527777777778 0.5026041666666666 0.07060185185185185 0.015625
0 0.20023148148148148 0.4995659722222222 0.0023148148148148147 0.009548611111111112
0 0.19560185185185186 0.4995659722222222 0.004629629629629629 0.009548611111111112
0 0.1857638888888889 0.4995659722222222 0.01273148148148148 0.009548611111111112
0 0.1724537037037037 0.5 0.004629629629629629 0.010416666666666666
0 0.5810185185185185 0.4956597222222222 0.0023148148148148147 0.003472222222222222
0 0.7609953703703703 0.5017361111111112 0.04050925925925926 0.022569444444444444
0 0.6591435185185185 0.4939236111111111 0.008101851851851851 0.006944444444444444
0 0.6440972222222222 0.4939236111111111 0.008101851851851851 0.006944444444444444
0 0.6348379629629629 0.4939236111111111 0.008101851851851851 0.006944444444444444
0 0.6244212962962963 0.4952256944444444 0.008101851851851851 0.009548611111111112
0 0.6180555555555556 0.4939236111111111 0.0023148148148148147 0.006944444444444444
0 0.6898148148148148 0.4930555555555556 0.009259259259259259 0.006944444444444444
0 0.6747685185185185 0.4934895833333333 0.009259259259259259 0.0078125
0 0.6678240740740741 0.4934895833333333 0.004629629629629629 0.0078125
0 0.35474537037037035 0.49609375 0.003472222222222222 0.013020833333333334
0 0.8292824074074074 0.4995659722222222 0.1099537037037037 0.021701388888888888
0 0.3738425925925926 0.4952256944444444 0.018518518518518517 0.013020833333333334
0 0.3431712962962963 0.4956597222222222 0.017361111111111112 0.013888888888888888
0 0.3263888888888889 0.4956597222222222 0.011574074074074073 0.013888888888888888
0 0.30671296296296297 0.4956597222222222 0.016203703703703703 0.013888888888888888
0 0.6516203703703703 0.4926215277777778 0.004629629629629629 0.009548611111111112
0 0.6174768518518519 0.4887152777777778 0.0011574074074074073 0.001736111111111111
0 0.6099537037037037 0.4930555555555556 0.009259259259259259 0.010416666666666666
0 0.26851851851851855 0.49609375 0.013888888888888888 0.016493055555555556
0 0.6979166666666666 0.4917534722222222 0.004629629629629629 0.009548611111111112
0 0.28761574074074076 0.4952256944444444 0.01273148148148148 0.016493055555555556
0 0.25405092592592593 0.49609375 0.017361111111111112 0.018229166666666668
0 0.41087962962962965 0.4926215277777778 0.016203703703703703 0.016493055555555556
0 0.4357638888888889 0.4921875 0.02662037037037037 0.017361111111111112
0 0.5219907407407407 0.4908854166666667 0.08333333333333333 0.021701388888888888
0 0.4704861111111111 0.4895833333333333 0.017361111111111112 0.020833333333333332
0 0.24189814814814814 0.4661458333333333 0.0023148148148148147 0.001736111111111111
0 0.22337962962962962 0.4661458333333333 0.0023148148148148147 0.001736111111111111
0 0.32060185185185186 0.46484375 0.0023148148148148147 0.0008680555555555555
0 0.29108796296296297 0.4652777777777778 0.003472222222222222 0.001736111111111111
0 0.28587962962962965 0.4652777777777778 0.0023148148148148147 0.001736111111111111
0 0.28125 0.4652777777777778 0.0023148148148148147 0.001736111111111111
0 0.27662037037037035 0.4652777777777778 0.0023148148148148147 0.001736111111111111
0 0.27199074074074076 0.4652777777777778 0.0023148148148148147 0.001736111111111111
0 0.36921296296296297 0.4644097222222222 0.0023148148148148147 0.001736111111111111
0 0.3599537037037037 0.4644097222222222 0.0023148148148148147 0.001736111111111111
0 0.3449074074074074 0.4644097222222222 0.0023148148148148147 0.001736111111111111
0 0.3402777777777778 0.4644097222222222 0.0023148148148148147 0.001736111111111111
0 0.32523148148148145 0.4644097222222222 0.0023148148148148147 0.001736111111111111
0 0.4375 0.4631076388888889 0.0023148148148148147 0.0008680555555555555
0 0.43287037037037035 0.4631076388888889 0.0023148148148148147 0.0008680555555555555
0 0.42824074074074076 0.4631076388888889 0.0023148148148148147 0.0008680555555555555
0 0.4230324074074074 0.4631076388888889 0.0011574074074074073 0.0008680555555555555
0 0.41782407407407407 0.4631076388888889 0.0023148148148148147 0.0008680555555555555
0 0.4131944444444444 0.4635416666666667 0.0023148148148148147 0.001736111111111111
0 0.3888888888888889 0.4635416666666667 0.0023148148148148147 0.001736111111111111
0 0.3738425925925926 0.4635416666666667 0.0023148148148148147 0.001736111111111111
0 0.4861111111111111 0.4622395833333333 0.0023148148148148147 0.0008680555555555555
0 0.4809027777777778 0.4622395833333333 0.0011574074074074073 0.0008680555555555555
0 0.47627314814814814 0.4626736111111111 0.0011574074074074073 0.001736111111111111
0 0.47164351851851855 0.4626736111111111 0.0011574074074074073 0.001736111111111111
0 0.4664351851851852 0.4622395833333333 0.0023148148148148147 0.0008680555555555555
0 0.4618055555555556 0.4626736111111111 0.0023148148148148147 0.001736111111111111
0 0.45717592592592593 0.4626736111111111 0.0023148148148148147 0.001736111111111111
0 0.4519675925925926 0.4626736111111111 0.0011574074074074073 0.001736111111111111
0 0.44675925925925924 0.4626736111111111 0.0023148148148148147 0.001736111111111111
0 0.44212962962962965 0.4626736111111111 0.0023148148148148147 0.001736111111111111
0 0.10532407407407407 0.4652777777777778 0.013888888888888888 0.006944444444444444
0 0.08796296296296297 0.4670138888888889 0.018518518518518517 0.010416666666666666
0 0.0763888888888889 0.4657118055555556 0.004629629629629629 0.0078125
0 0.5543981481481481 0.4613715277777778 0.0023148148148148147 0.0008680555555555555
0 0.5439814814814815 0.4613715277777778 0.0023148148148148147 0.0008680555555555555
0 0.5393518518518519 0.4613715277777778 0.0023148148148148147 0.0008680555555555555
0 0.5347222222222222 0.4613715277777778 0.0023148148148148147 0.0008680555555555555
0 0.5300925925925926 0.4618055555555556 0.0023148148148148147 0.001736111111111111
0 0.5248842592592593 0.4618055555555556 0.0011574074074074073 0.001736111111111111
0 0.5202546296296297 0.4618055555555556 0.0011574074074074073 0.001736111111111111
0 0.5150462962962963 0.4618055555555556 0.0023148148148148147 0.001736111111111111
0 0.5104166666666666 0.4618055555555556 0.0023148148148148147 0.001736111111111111
0 0.5052083333333334 0.4618055555555556 0.0011574074074074073 0.001736111111111111
0 0.5005787037037037 0.4618055555555556 0.0011574074074074073 0.001736111111111111
0 0.49537037037037035 0.4618055555555556 0.0023148148148148147 0.001736111111111111
0 0.49074074074074076 0.4618055555555556 0.0023148148148148147 0.001736111111111111
0 0.14756944444444445 0.4644097222222222 0.008101851851851851 0.006944444444444444
0 0.13541666666666666 0.46484375 0.013888888888888888 0.0078125
0 0.12094907407407407 0.46484375 0.01273148148148148 0.0078125
0 0.5688657407407407 0.4609375 0.0011574074074074073 0.001736111111111111
0 0.5642361111111112 0.4609375 0.0011574074074074073 0.001736111111111111
0 0.5590277777777778 0.4609375 0.0023148148148148147 0.001736111111111111
0 0.5491898148148148 0.4609375 0.0011574074074074073 0.001736111111111111
0 0.06712962962962964 0.46484375 0.009259259259259259 0.009548611111111112
0 0.22337962962962962 0.4605034722222222 0.0023148148148148147 0.0026041666666666665
0 0.734375 0.4583333333333333 0.0011574074074074073 0.001736111111111111
0 0.7291666666666666 0.4583333333333333 0.0023148148148148147 0.001736111111111111
0 0.71875 0.4583333333333333 0.0023148148148148147 0.001736111111111111
0 0.7991898148148148 0.4574652777777778 0.0011574074074074073 0.001736111111111111
0 0.7939814814814815 0.4574652777777778 0.0023148148148148147 0.001736111111111111
0 0.8292824074074074 0.4565972222222222 0.0011574074074074073 0.001736111111111111
0 0.8900462962962963 0.4557291666666667 0.0023148148148148147 0.001736111111111111
0 0.8796296296296297 0.4557291666666667 0.0023148148148148147 0.001736111111111111
0 0.8599537037037037 0.4561631944444444 0.0023148148148148147 0.0026041666666666665
0 0.7662037037037037 0.4561631944444444 0.006944444444444444 0.004340277777777778
0 0.4010416666666667 0.4592013888888889 0.008101851851851851 0.010416666666666666
0 0.3136574074074074 0.4600694444444444 0.009259259259259259 0.012152777777777778
0 0.6348379629629629 0.45703125 0.008101851851851851 0.0078125
0 0.6203703703703703 0.45703125 0.009259259259259259 0.0078125
0 0.35532407407407407 0.4592013888888889 0.004629629629629629 0.012152777777777778
0 0.30092592592592593 0.4596354166666667 0.011574074074074073 0.013020833333333334
0 0.26273148148148145 0.4596354166666667 0.009259259259259259 0.013020833333333334
0 0.2511574074074074 0.4605034722222222 0.013888888888888888 0.014756944444444444
0 0.71875 0.453125 0.0023148148148148147 0.001736111111111111
0 0.38599537037037035 0.4583333333333333 0.017361111111111112 0.012152777777777778
0 0.3454861111111111 0.4587673611111111 0.010416666666666666 0.013020833333333334
0 0.28877314814814814 0.4578993055555556 0.010416666666666666 0.011284722222222222
0 0.7974537037037037 0.4522569444444444 0.0023148148148148147 0.001736111111111111
0 0.6278935185185185 0.4561631944444444 0.003472222222222222 0.009548611111111112
0 0.609375 0.4561631944444444 0.010416666666666666 0.009548611111111112
0 0.36863425925925924 0.4578993055555556 0.010416666666666666 0.014756944444444444
0 0.7436342592592593 0.4535590277777778 0.01273148148148148 0.013020833333333334
0 0.8229166666666666 0.4518229166666667 0.011574074074074073 0.011284722222222222
0 0.41087962962962965 0.4552951388888889 0.009259259259259259 0.018229166666666668
0 0.33391203703703703 0.4557291666666667 0.010416666666666666 0.019097222222222224
0 0.8530092592592593 0.4539930555555556 0.011574074074074073 0.017361111111111112
0 0.7575231481481481 0.453125 0.010416666666666666 0.015625
0 0.8391203703703703 0.4500868055555556 0.013888888888888888 0.014756944444444444
0 0.7771990740740741 0.4505208333333333 0.02662037037037037 0.015625
0 0.8900462962962963 0.44921875 0.013888888888888888 0.014756944444444444
0 0.8107638888888888 0.4500868055555556 0.015046296296296295 0.016493055555555556
0 0.8778935185185185 0.4487847222222222 0.010416666666666666 0.015625
0 0.9045138888888888 0.4487847222222222 0.010416666666666666 0.019097222222222224
0 0.8692129629629629 0.4487847222222222 0.016203703703703703 0.022569444444444444
0 0.24189814814814814 0.4292534722222222 0.0023148148148148147 0.0008680555555555555
0 0.22280092592592593 0.4296875 0.0011574074074074073 0.001736111111111111
0 0.26157407407407407 0.4288194444444444 0.0023148148148148147 0.001736111111111111
0 0.34953703703703703 0.4279513888888889 0.0023148148148148147 0.001736111111111111
0 0.33449074074074076 0.4279513888888889 0.0023148148148148147 0.001736111111111111
0 0.3292824074074074 0.4279513888888889 0.0011574074074074073 0.001736111111111111
0 0.4027777777777778 0.4270833333333333 0.0023148148148148147 0.001736111111111111
0 0.3975694444444444 0.4270833333333333 0.0011574074074074073 0.001736111111111111
0 0.38310185185185186 0.4270833333333333 0.0023148148148148147 0.001736111111111111
0 0.48032407407407407 0.42578125 0.0023148148148148147 0.0008680555555555555
0 0.4756944444444444 0.42578125 0.0023148148148148147 0.0008680555555555555
0 0.46064814814814814 0.4262152777777778 0.0023148148148148147 0.001736111111111111
0 0.10127314814814815 0.4288194444444444 0.008101851851851851 0.006944444444444444
0 0.08159722222222222 0.4288194444444444 0.008101851851851851 0.006944444444444444
0 0.5289351851851852 0.4249131944444444 0.0023148148148148147 0.0008680555555555555
0 0.5237268518518519 0.4249131944444444 0.0011574074074074073 0.0008680555555555555
0 0.5190972222222222 0.4249131944444444 0.0011574074074074073 0.0008680555555555555
0 0.5138888888888888 0.4253472222222222 0.0023148148148148147 0.001736111111111111
0 0.5092592592592593 0.4253472222222222 0.0023148148148148147 0.001736111111111111
0 0.5046296296296297 0.4253472222222222 0.0023148148148148147 0.001736111111111111
0 0.4994212962962963 0.4253472222222222 0.0011574074074074073 0.001736111111111111
0 0.4947916666666667 0.4253472222222222 0.0011574074074074073 0.001736111111111111
0 0.49016203703703703 0.4253472222222222 0.0011574074074074073 0.001736111111111111
0 0.4849537037037037 0.4253472222222222 0.0023148148148148147 0.001736111111111111
0 0.2621527777777778 0.4253472222222222 0.003472222222222222 0.001736111111111111
0 0.12905092592592593 0.4279513888888889 0.008101851851851851 0.006944444444444444
0 0.1111111111111111 0.4279513888888889 0.009259259259259259 0.006944444444444444
0 0.5682870370370371 0.4244791666666667 0.0023148148148148147 0.001736111111111111
0 0.5625 0.4244791666666667 0.0023148148148148147 0.001736111111111111
0 0.5578703703703703 0.4240451388888889 0.0023148148148148147 0.0008680555555555555
0 0.5532407407407407 0.4244791666666667 0.0023148148148148147 0.001736111111111111
0 0.5486111111111112 0.4244791666666667 0.0023148148148148147 0.001736111111111111
0 0.5434027777777778 0.4244791666666667 0.0011574074074074073 0.001736111111111111
0 0.5387731481481481 0.4244791666666667 0.0011574074074074073 0.001736111111111111
0 0.5335648148148148 0.4244791666666667 0.0023148148148148147 0.001736111111111111
0 0.2222222222222222 0.4240451388888889 0.0023148148148148147 0.0008680555555555555
0 0.17997685185185186 0.4270833333333333 0.008101851851851851 0.006944444444444444
0 0.16782407407407407 0.4270833333333333 0.013888888888888888 0.006944444444444444
0 0.1556712962962963 0.4275173611111111 0.008101851851851851 0.0078125
0 0.07523148148148148 0.4279513888888889 0.004629629629629629 0.008680555555555556
0 0.11863425925925926 0.4270833333333333 0.003472222222222222 0.008680555555555556
0 0.09143518518518519 0.4275173611111111 0.009259259259259259 0.009548611111111112
0 0.06655092592592593 0.4279513888888889 0.010416666666666666 0.010416666666666666
0 0.1440972222222222 0.4266493055555556 0.010416666666666666 0.009548611111111112
0 0.12268518518518519 0.4236111111111111 0.0023148148148148147 0.003472222222222222
0 0.7175925925925926 0.4214409722222222 0.0023148148148148147 0.0008680555555555555
0 0.35358796296296297 0.4249131944444444 0.003472222222222222 0.0078125
0 0.7384259259259259 0.4210069444444444 0.0023148148148148147 0.001736111111111111
0 0.7326388888888888 0.4210069444444444 0.0023148148148148147 0.001736111111111111
0 0.7280092592592593 0.4210069444444444 0.0023148148148148147 0.001736111111111111
0 0.4774305555555556 0.4214409722222222 0.003472222222222222 0.0026041666666666665
0 0.31828703703703703 0.4296875 0.018518518518518517 0.019097222222222224
0 0.7980324074074074 0.4201388888888889 0.0011574074074074073 0.001736111111111111
0 0.7881944444444444 0.4201388888888889 0.0023148148148148147 0.001736111111111111
0 0.3732638888888889 0.4236111111111111 0.010416666666666666 0.008680555555555556
0 0.8587962962962963 0.4188368055555556 0.0023148148148148147 0.0008680555555555555
0 0.8541666666666666 0.4188368055555556 0.0023148148148148147 0.0008680555555555555
0 0.8483796296296297 0.4188368055555556 0.0023148148148148147 0.0008680555555555555
0 0.84375 0.4192708333333333 0.0023148148148148147 0.001736111111111111
0 0.8385416666666666 0.4192708333333333 0.0011574074074074073 0.001736111111111111
0 0.8888888888888888 0.4184027777777778 0.0023148148148148147 0.001736111111111111
0 0.8842592592592593 0.4184027777777778 0.0023148148148148147 0.001736111111111111
0 0.8784722222222222 0.4184027777777778 0.0023148148148148147 0.001736111111111111
0 0.8738425925925926 0.4184027777777778 0.0023148148148148147 0.001736111111111111
0 0.8692129629629629 0.4184027777777778 0.0023148148148148147 0.001736111111111111
0 0.8634259259259259 0.4184027777777778 0.0023148148148148147 0.001736111111111111
0 0.36226851851851855 0.4227430555555556 0.011574074074074073 0.010416666666666666
0 0.6417824074074074 0.4201388888888889 0.008101851851851851 0.006944444444444444
0 0.6331018518518519 0.4201388888888889 0.006944444444444444 0.006944444444444444
0 0.6232638888888888 0.4201388888888889 0.008101851851851851 0.006944444444444444
0 0.3541666666666667 0.4171006944444444 0.004629629629629629 0.0026041666666666665
0 0.7175925925925926 0.4157986111111111 0.0023148148148148147 0.001736111111111111
0 0.6168981481481481 0.4188368055555556 0.0023148148148148147 0.009548611111111112
0 0.6082175925925926 0.4192708333333333 0.010416666666666666 0.010416666666666666
0 0.2511574074074074 0.421875 0.016203703703703703 0.015625
0 0.2864583333333333 0.4266493055555556 0.04282407407407408 0.026909722222222224
0 0.3003472222222222 0.4140625 0.003472222222222222 0.003472222222222222
0 0.8206018518518519 0.4153645833333333 0.027777777777777776 0.011284722222222222
0 0.4537037037037037 0.4184027777777778 0.037037037037037035 0.017361111111111112
0 0.3420138888888889 0.4192708333333333 0.017361111111111112 0.019097222222222224
0 0.7962962962962963 0.4144965277777778 0.016203703703703703 0.013020833333333334
0 0.7783564814814815 0.4149305555555556 0.01273148148148148 0.013888888888888888
0 0.7638888888888888 0.4153645833333333 0.013888888888888888 0.016493055555555556
0 0.7488425925925926 0.4144965277777778 0.013888888888888888 0.014756944444444444
0 0.40914351851851855 0.4157986111111111 0.052083333333333336 0.024305555555555556
0 0.4508101851851852 0.3302951388888889 0.008101851851851851 0.0078125
0 0.44328703703703703 0.3302951388888889 0.0023148148148148147 0.0078125
0 0.4363425925925926 0.33203125 0.009259259259259259 0.011284722222222222
0 0.42592592592592593 0.3307291666666667 0.009259259259259259 0.008680555555555556
0 0.47511574074074076 0.3298611111111111 0.005787037037037037 0.008680555555555556
0 0.4664351851851852 0.3298611111111111 0.009259259259259259 0.008680555555555556
0 0.5393518518518519 0.3289930555555556 0.009259259259259259 0.008680555555555556
0 0.5162037037037037 0.3289930555555556 0.013888888888888888 0.008680555555555556
0 0.5023148148148148 0.3289930555555556 0.009259259259259259 0.008680555555555556
0 0.5491898148148148 0.328125 0.005787037037037037 0.008680555555555556
0 0.41377314814814814 0.3294270833333333 0.01273148148148148 0.011284722222222222
0 0.45775462962962965 0.3285590277777778 0.005787037037037037 0.011284722222222222
0 0.44328703703703703 0.3237847222222222 0.0023148148148148147 0.001736111111111111
0 0.4895833333333333 0.3276909722222222 0.011574074074074073 0.011284722222222222
0 0.5289351851851852 0.3272569444444444 0.009259259259259259 0.012152777777777778
0 0.47974537037037035 0.3441840277777778 0.48726851851851855 0.0685763888888889
0 0.14583333333333334 0.2873263888888889 0.013888888888888888 0.010416666666666666
0 0.13020833333333334 0.2877604166666667 0.01273148148148148 0.011284722222222222
0 0.19618055555555555 0.2864583333333333 0.01273148148148148 0.010416666666666666
0 0.18518518518518517 0.2868923611111111 0.004629629629629629 0.011284722222222222
0 0.17476851851851852 0.2868923611111111 0.011574074074074073 0.011284722222222222
0 0.16030092592592593 0.2868923611111111 0.01273148148148148 0.011284722222222222
0 0.2743055555555556 0.2855902777777778 0.013888888888888888 0.010416666666666666
0 0.2569444444444444 0.2860243055555556 0.009259259259259259 0.011284722222222222
0 0.24305555555555555 0.2860243055555556 0.013888888888888888 0.011284722222222222
0 0.22743055555555555 0.2860243055555556 0.015046296296296295 0.011284722222222222
0 0.21180555555555555 0.2860243055555556 0.011574074074074073 0.011284722222222222
0 0.3125 0.28515625 0.011574074074074073 0.011284722222222222
0 0.3003472222222222 0.28515625 0.010416666666666666 0.011284722222222222
0 0.28877314814814814 0.28515625 0.010416666666666666 0.011284722222222222
0 0.38252314814814814 0.2842881944444444 0.01273148148148148 0.011284722222222222
0 0.36921296296296297 0.2842881944444444 0.011574074074074073 0.011284722222222222
0 0.35300925925925924 0.2842881944444444 0.016203703703703703 0.011284722222222222
0 0.33738425925925924 0.2842881944444444 0.010416666666666666 0.011284722222222222
0 0.3258101851851852 0.2847222222222222 0.010416666666666666 0.012152777777777778
0 0.4288194444444444 0.2834201388888889 0.010416666666666666 0.011284722222222222
0 0.4149305555555556 0.2834201388888889 0.01273148148148148 0.011284722222222222
0 0.3975694444444444 0.2834201388888889 0.01273148148148148 0.011284722222222222
0 0.453125 0.2825520833333333 0.01273148148148148 0.011284722222222222
0 0.4409722222222222 0.2829861111111111 0.009259259259259259 0.012152777777777778
0 0.65625 0.2747395833333333 0.36342592592592593 0.04079861111111111
0 0.4375 0.25 0.0023148148148148147 0.003472222222222222
0 0.6140046296296297 0.24522569444444445 0.003472222222222222 0.0026041666666666665
0 0.53125 0.2439236111111111 0.006944444444444444 0.001736111111111111
0 0.3454861111111111 0.24609375 0.01273148148148148 0.011284722222222222
0 0.39814814814814814 0.24522569444444445 0.013888888888888888 0.011284722222222222
0 0.3784722222222222 0.24522569444444445 0.020833333333333332 0.011284722222222222
0 0.359375 0.24522569444444445 0.01273148148148148 0.011284722222222222
0 0.42824074074074076 0.2443576388888889 0.011574074074074073 0.011284722222222222
0 0.41435185185185186 0.2443576388888889 0.013888888888888888 0.011284722222222222
0 0.4837962962962963 0.24348958333333334 0.016203703703703703 0.011284722222222222
0 0.4681712962962963 0.24348958333333334 0.015046296296296295 0.011284722222222222
0 0.453125 0.2439236111111111 0.01273148148148148 0.012152777777777778
0 0.515625 0.2426215277777778 0.01273148148148148 0.011284722222222222
0 0.5005787037037037 0.24305555555555555 0.01273148148148148 0.012152777777777778
0 0.5677083333333334 0.2417534722222222 0.008101851851851851 0.011284722222222222
0 0.5561342592592593 0.2417534722222222 0.008101851851851851 0.011284722222222222
0 0.5462962962962963 0.2417534722222222 0.009259259259259259 0.011284722222222222
0 0.6053240740740741 0.24088541666666666 0.009259259259259259 0.011284722222222222
0 0.5949074074074074 0.24088541666666666 0.004629629629629629 0.011284722222222222
0 0.5839120370370371 0.24088541666666666 0.010416666666666666 0.011284722222222222
0 0.36516203703703703 0.22265625 0.0011574074074074073 0.0008680555555555555
0 0.5746527777777778 0.22352430555555555 0.003472222222222222 0.004340277777777778
0 0.34780092592592593 0.22395833333333334 0.010416666666666666 0.008680555555555556
0 0.33912037037037035 0.22395833333333334 0.004629629629629629 0.008680555555555556
0 0.32523148148148145 0.22395833333333334 0.004629629629629629 0.008680555555555556
0 0.4010416666666667 0.2230902777777778 0.010416666666666666 0.008680555555555556
0 0.3645833333333333 0.22352430555555555 0.009259259259259259 0.009548611111111112
0 0.45891203703703703 0.22178819444444445 0.008101851851851851 0.009548611111111112
0 0.44733796296296297 0.22178819444444445 0.010416666666666666 0.009548611111111112
0 0.3559027777777778 0.22265625 0.005787037037037037 0.011284722222222222
0 0.2980324074074074 0.2230902777777778 0.015046296296296295 0.012152777777777778
0 0.28530092592592593 0.2248263888888889 0.005787037037037037 0.015625
0 0.5243055555555556 0.2204861111111111 0.009259259259259259 0.008680555555555556
0 0.5133101851851852 0.2204861111111111 0.010416666666666666 0.008680555555555556
0 0.5028935185185185 0.2209201388888889 0.003472222222222222 0.009548611111111112
0 0.49421296296296297 0.2209201388888889 0.009259259259259259 0.009548611111111112
0 0.3917824074074074 0.22178819444444445 0.005787037037037037 0.011284722222222222
0 0.5503472222222222 0.21961805555555555 0.003472222222222222 0.008680555555555556
0 0.5422453703703703 0.22005208333333334 0.008101851851851851 0.009548611111111112
0 0.5335648148148148 0.22005208333333334 0.006944444444444444 0.009548611111111112
0 0.33912037037037035 0.21614583333333334 0.0023148148148148147 0.001736111111111111
0 0.33217592592592593 0.22178819444444445 0.004629629629629629 0.013020833333333334
0 0.31712962962962965 0.2222222222222222 0.018518518518518517 0.013888888888888888
0 0.4270833333333333 0.2204861111111111 0.027777777777777776 0.012152777777777778
0 0.3767361111111111 0.22135416666666666 0.010416666666666666 0.013888888888888888
0 0.6342592592592593 0.21788194444444445 0.023148148148148147 0.008680555555555556
0 0.6168981481481481 0.21788194444444445 0.009259259259259259 0.008680555555555556
0 0.5630787037037037 0.2204861111111111 0.017361111111111112 0.013888888888888888
0 0.6608796296296297 0.2170138888888889 0.004629629629629629 0.008680555555555556
0 0.6527777777777778 0.21744791666666666 0.009259259259259259 0.009548611111111112
0 0.47974537037037035 0.2191840277777778 0.015046296296296295 0.013020833333333334
0 0.5034722222222222 0.2131076388888889 0.0023148148148148147 0.0026041666666666665
0 0.5509259259259259 0.21180555555555555 0.0023148148148148147 0.001736111111111111
0 0.6059027777777778 0.2165798611111111 0.010416666666666666 0.013020833333333334
0 0.5914351851851852 0.2165798611111111 0.013888888888888888 0.013020833333333334
0 0.6684027777777778 0.21614583333333334 0.005787037037037037 0.015625
0 0.6608796296296297 0.20963541666666666 0.0023148148148148147 0.0026041666666666665
0 0.40219907407407407 0.19791666666666666 0.015046296296296295 0.012152777777777778
0 0.3888888888888889 0.1996527777777778 0.006944444444444444 0.015625
0 0.4508101851851852 0.19661458333333334 0.015046296296296295 0.013020833333333334
0 0.4351851851851852 0.19661458333333334 0.013888888888888888 0.013020833333333334
0 0.4184027777777778 0.1970486111111111 0.015046296296296295 0.013888888888888888
0 0.4861111111111111 0.1957465277777778 0.016203703703703703 0.013020833333333334
0 0.4670138888888889 0.1957465277777778 0.015046296296296295 0.013020833333333334
0 0.5416666666666666 0.19444444444444445 0.016203703703703703 0.012152777777777778
0 0.5248842592592593 0.1948784722222222 0.015046296296296295 0.013020833333333334
0 0.5052083333333334 0.1948784722222222 0.019675925925925927 0.013020833333333334
0 0.5682870370370371 0.1957465277777778 0.006944444444444444 0.016493055555555556
0 0.5578703703703703 0.19401041666666666 0.011574074074074073 0.013020833333333334
0 0.24131944444444445 0.18098958333333334 0.0011574074074074073 0.0008680555555555555
0 0.12037037037037036 0.1762152777777778 0.018518518518518517 0.015625
0 0.16608796296296297 0.1753472222222222 0.017361111111111112 0.015625
0 0.14351851851851852 0.17578125 0.020833333333333332 0.016493055555555556
0 0.20601851851851852 0.17447916666666666 0.016203703703703703 0.015625
0 0.1857638888888889 0.17447916666666666 0.017361111111111112 0.015625
0 0.22800925925925927 0.1736111111111111 0.020833333333333332 0.015625
0 0.2795138888888889 0.17274305555555555 0.02199074074074074 0.015625
0 0.25 0.17274305555555555 0.018518518518518517 0.015625
0 0.30092592592592593 0.171875 0.016203703703703703 0.015625
0 0.3472222222222222 0.17100694444444445 0.018518518518518517 0.015625
0 0.3269675925925926 0.1714409722222222 0.017361111111111112 0.016493055555555556
0 0.3888888888888889 0.1701388888888889 0.009259259259259259 0.015625
0 0.37094907407407407 0.17057291666666666 0.02199074074074074 0.016493055555555556
0 0.4270833333333333 0.16927083333333334 0.018518518518518517 0.015625
0 0.4056712962962963 0.1697048611111111 0.019675925925925927 0.016493055555555556
0 0.46875 0.1684027777777778 0.020833333333333332 0.015625
0 0.44733796296296297 0.16883680555555555 0.017361111111111112 0.016493055555555556
0 0.5028935185185185 0.1675347222222222 0.019675925925925927 0.015625
0 0.49016203703703703 0.16015625 0.0011574074074074073 0.0008680555555555555
0 0.4855324074074074 0.1675347222222222 0.008101851851851851 0.015625
0 0.5549768518518519 0.16666666666666666 0.019675925925925927 0.015625
0 0.5260416666666666 0.16710069444444445 0.02199074074074074 0.016493055555555556
0 0.5995370370370371 0.1657986111111111 0.020833333333333332 0.015625
0 0.5769675925925926 0.1657986111111111 0.019675925925925927 0.015625
0 0.6284722222222222 0.16493055555555555 0.018518518518518517 0.015625
0 0.6493055555555556 0.1644965277777778 0.018518518518518517 0.016493055555555556
0 0.6944444444444444 0.16319444444444445 0.020833333333333332 0.015625
0 0.6707175925925926 0.1636284722222222 0.019675925925925927 0.016493055555555556
0 0.7401620370370371 0.1623263888888889 0.02199074074074074 0.015625
0 0.7164351851851852 0.16276041666666666 0.020833333333333332 0.016493055555555556
0 0.7633101851851852 0.1618923611111111 0.017361111111111112 0.016493055555555556
0 0.8101851851851852 0.1605902777777778 0.023148148148148147 0.015625
0 0.7853009259259259 0.16102430555555555 0.02199074074074074 0.016493055555555556
0 0.8321759259259259 0.1597222222222222 0.020833333333333332 0.015625
0 0.3784722222222222 0.13151041666666666 0.03009259259259259 0.0234375
0 0.4398148148148148 0.1306423611111111 0.027777777777777776 0.0234375
0 0.4097222222222222 0.1310763888888889 0.027777777777777776 0.024305555555555556
0 0.47280092592592593 0.12977430555555555 0.03125 0.0234375
0 0.5034722222222222 0.12890625 0.027777777777777776 0.0234375
0 0.5353009259259259 0.12803819444444445 0.03125 0.0234375
0 0.5694444444444444 0.1271701388888889 0.032407407407407406 0.0234375
0 0.19907407407407407 0.11371527777777778 0.0023148148148148147 0.001736111111111111
0 0.4479166666666667 0.0724826388888889 0.0023148148148148147 0.0026041666666666665
0 0.4832175925925926 0.055989583333333336 0.0011574074074074073 0.0008680555555555555
0 0.4994212962962963 0.04991319444444445 0.0011574074074074073 0.0008680555555555555
0 0.5092592592592593 0.049479166666666664 0.004629629629629629 0.003472222222222222
0 0.5034722222222222 0.04904513888888889 0.004629629629629629 0.0026041666666666665
0 0.47280092592592593 0.0685763888888889 0.10532407407407407 0.06770833333333333
0 0.5017361111111112 0.033854166666666664 0.005787037037037037 0.005208333333333333
0 0.4947916666666667 0.031684027777777776 0.0011574074074074073 0.0008680555555555555
0 0.4380787037037037 0.034722222222222224 0.005787037037037037 0.006944444444444444
0 0.5063657407407407 0.03125 0.0011574074074074073 0.001736111111111111
0 0.453125 0.027777777777777776 0.008101851851851851 0.003472222222222222
0 0.48032407407407407 0.025607638888888888 0.016203703703703703 0.004340277777777778
0 0.46412037037037035 0.024305555555555556 0.011574074074074073 0.003472222222222222
