0 0.5510416666666667 0.999609375 0.0020833333333333333 0.00078125
0 0.5510416666666667 0.994140625 0.0020833333333333333 0.00078125
0 0.5442708333333334 0.991796875 0.0010416666666666667 0.00234375
0 0.5671875 0.98828125 0.0010416666666666667 0.0015625
0 0.5473958333333333 0.98984375 0.003125 0.0046875
0 0.5953125 0.987109375 0.0010416666666666667 0.00078125
0 0.5244791666666667 0.98671875 0.0010416666666666667 0.0015625
0 0.5328125 0.9859375 0.0010416666666666667 0.003125
0 0.5921875 0.981640625 0.0010416666666666667 0.00078125
0 0.5875 0.9828125 0.0020833333333333333 0.003125
0 0.5473958333333333 0.980859375 0.0010416666666666667 0.00078125
0 0.5083333333333333 0.975390625 0.0020833333333333333 0.00078125
0 0.5005208333333333 0.975390625 0.0010416666666666667 0.00078125
0 0.5744791666666667 0.971875 0.0010416666666666667 0.0015625
0 0.5671875 0.971875 0.0010416666666666667 0.0015625
0 0.5161458333333333 0.973046875 0.005208333333333333 0.00703125
0 0.5098958333333333 0.970703125 0.003125 0.00234375
0 0.5838541666666667 0.96953125 0.0010416666666666667 0.0015625
0 0.5453125 0.97265625 0.007291666666666667 0.0078125
0 0.5421875 0.96953125 0.0010416666666666667 0.0015625
0 0.5572916666666666 0.973046875 0.010416666666666666 0.01015625
0 0.5161458333333333 0.968359375 0.0010416666666666667 0.00078125
0 0.5098958333333333 0.968359375 0.005208333333333333 0.00078125
0 0.4921875 0.968359375 0.0010416666666666667 0.00078125
0 0.5125 0.966796875 0.008333333333333333 0.00078125
0 0.5932291666666667 0.966015625 0.003125 0.00078125
0 0.4947916666666667 0.913671875 0.9354166666666667 0.11953125
0 0.45260416666666664 0.795703125 0.0010416666666666667 0.00078125
0 0.04479166666666667 0.700390625 0.0020833333333333333 0.00078125
0 0.24010416666666667 0.69453125 0.38229166666666664 0.2921875
0 0.6942708333333333 0.690625 0.484375 0.290625
0 0.7682291666666666 0.499609375 0.003125 0.00078125
0 0.7630208333333334 0.499609375 0.003125 0.00078125
0 0.7479166666666667 0.5 0.0020833333333333333 0.0015625
0 0.7369791666666666 0.499609375 0.003125 0.00078125
0 0.8291666666666667 0.49921875 0.0020833333333333333 0.0015625
0 0.81875 0.49921875 0.0020833333333333333 0.0015625
0 0.8036458333333333 0.49921875 0.003125 0.0015625
0 0.7885416666666667 0.49921875 0.0020833333333333333 0.0015625
0 0.8697916666666666 0.498828125 0.0020833333333333333 0.00234375
0 0.8651041666666667 0.498828125 0.003125 0.00234375
0 0.6932291666666667 0.497265625 0.005208333333333333 0.00703125
0 0.6848958333333334 0.497265625 0.009375 0.00703125
0 0.6692708333333334 0.497265625 0.009375 0.00703125
0 0.6583333333333333 0.497265625 0.0020833333333333333 0.00703125
0 0.6510416666666666 0.498828125 0.008333333333333333 0.01015625
0 0.6442708333333333 0.49765625 0.003125 0.0078125
0 0.6375 0.49765625 0.008333333333333333 0.0078125
0 0.628125 0.49765625 0.008333333333333333 0.0078125
0 0.6208333333333333 0.49765625 0.0020833333333333333 0.0078125
0 0.9078125 0.500390625 0.017708333333333333 0.01484375
0 0.7369791666666666 0.49375 0.003125 0.0015625
0 0.6770833333333334 0.49609375 0.004166666666666667 0.009375
0 0.6583333333333333 0.4921875 0.0020833333333333333 0.0015625
0 0.64375 0.4921875 0.0020833333333333333 0.0015625
0 0.6208333333333333 0.4921875 0.0020833333333333333 0.0015625
0 0.6625 0.495703125 0.0020833333333333333 0.01015625
0 0.9671875 0.49765625 0.065625 0.0171875
0 0.25364583333333335 0.48828125 0.003125 0.0015625
0 0.2484375 0.48828125 0.003125 0.0015625
0 0.24322916666666666 0.48828125 0.003125 0.0015625
0 0.22291666666666668 0.48828125 0.0020833333333333333 0.0015625
0 0.928125 0.495703125 0.00625 0.01796875
0 0.36666666666666664 0.4875 0.0020833333333333333 0.0015625
0 0.340625 0.4875 0.0020833333333333333 0.0015625
0 0.325 0.487890625 0.0020833333333333333 0.00234375
0 0.3203125 0.487890625 0.003125 0.00234375
0 0.3151041666666667 0.487890625 0.003125 0.00234375
0 0.3098958333333333 0.487890625 0.003125 0.00234375
0 0.2994791666666667 0.487890625 0.003125 0.00234375
0 0.40677083333333336 0.48671875 0.003125 0.0015625
0 0.40208333333333335 0.48671875 0.0020833333333333333 0.0015625
0 0.38177083333333334 0.487109375 0.003125 0.00234375
0 0.3765625 0.487109375 0.003125 0.00234375
0 0.37135416666666665 0.487109375 0.003125 0.00234375
0 0.5734375 0.4859375 0.003125 0.0015625
0 0.5385416666666667 0.4859375 0.0020833333333333333 0.0015625
0 0.5130208333333334 0.4859375 0.003125 0.0015625
0 0.5078125 0.486328125 0.003125 0.00234375
0 0.503125 0.486328125 0.0020833333333333333 0.00234375
0 0.4979166666666667 0.486328125 0.0020833333333333333 0.00234375
0 0.49270833333333336 0.486328125 0.0020833333333333333 0.00234375
0 0.48802083333333335 0.486328125 0.003125 0.00234375
0 0.09791666666666667 0.48671875 0.025 0.0078125
0 0.07916666666666666 0.48671875 0.008333333333333333 0.0078125
0 0.06875 0.48671875 0.010416666666666666 0.0078125
0 0.22239583333333332 0.4828125 0.003125 0.0015625
0 0.20520833333333333 0.4859375 0.010416666666666666 0.0078125
0 0.18854166666666666 0.4859375 0.0020833333333333333 0.0078125
0 0.15520833333333334 0.4859375 0.010416666666666666 0.0078125
0 0.78125 0.491796875 0.058333333333333334 0.02109375
0 0.8557291666666667 0.4921875 0.08854166666666667 0.0234375
0 0.05677083333333333 0.485546875 0.011458333333333333 0.01015625
0 0.19322916666666667 0.484765625 0.005208333333333333 0.01015625
0 0.14479166666666668 0.484765625 0.008333333333333333 0.01015625
0 0.128125 0.484765625 0.022916666666666665 0.01015625
0 0.6395833333333333 0.483984375 0.008333333333333333 0.01015625
0 0.6322916666666667 0.482421875 0.0020833333333333333 0.00703125
0 0.19791666666666666 0.484375 0.0020833333333333333 0.0109375
0 0.18229166666666666 0.484375 0.014583333333333334 0.0109375
0 0.16822916666666668 0.484375 0.005208333333333333 0.0109375
0 0.7067708333333333 0.48203125 0.009375 0.0078125
0 0.6916666666666667 0.48203125 0.008333333333333333 0.0078125
0 0.6838541666666667 0.48203125 0.005208333333333333 0.0078125
0 0.675 0.48203125 0.008333333333333333 0.0078125
0 0.6598958333333333 0.48203125 0.009375 0.0078125
0 0.65 0.48203125 0.008333333333333333 0.0078125
0 0.6083333333333333 0.4828125 0.01875 0.009375
0 0.5588541666666667 0.48359375 0.034375 0.0109375
0 0.3 0.483203125 0.016666666666666666 0.01171875
0 0.6677083333333333 0.48125 0.004166666666666667 0.009375
0 0.47552083333333334 0.48203125 0.017708333333333333 0.0109375
0 0.3640625 0.482421875 0.009375 0.01171875
0 0.6322916666666667 0.4765625 0.0020833333333333333 0.0015625
0 0.625 0.48125 0.010416666666666666 0.0109375
0 0.3333333333333333 0.48203125 0.010416666666666666 0.0125
0 0.3182291666666667 0.48125 0.017708333333333333 0.0109375
0 0.7140625 0.48046875 0.005208333333333333 0.0109375
0 0.3890625 0.483203125 0.017708333333333333 0.01640625
0 0.35052083333333334 0.482421875 0.013541666666666667 0.01484375
0 0.27395833333333336 0.483203125 0.03333333333333333 0.01640625
0 0.4375 0.478515625 0.052083333333333336 0.01953125
0 0.5869791666666667 0.477734375 0.021875 0.02109375
0 0.528125 0.476171875 0.022916666666666665 0.02265625
0 0.24791666666666667 0.45 0.0020833333333333333 0.0015625
0 0.22239583333333332 0.45 0.003125 0.0015625
0 0.4166666666666667 0.44921875 0.0020833333333333333 0.0015625
0 0.39114583333333336 0.44921875 0.003125 0.0015625
0 0.38125 0.44921875 0.0020833333333333333 0.0015625
0 0.33489583333333334 0.44921875 0.003125 0.0015625
0 0.3302083333333333 0.44921875 0.0020833333333333333 0.0015625
0 0.325 0.44921875 0.0020833333333333333 0.0015625
0 0.31979166666666664 0.44921875 0.0020833333333333333 0.0015625
0 0.2838541666666667 0.44921875 0.003125 0.0015625
0 0.2786458333333333 0.44921875 0.003125 0.0015625
0 0.2734375 0.44921875 0.003125 0.0015625
0 0.2682291666666667 0.449609375 0.003125 0.00234375
0 0.2630208333333333 0.449609375 0.003125 0.00234375
0 0.25833333333333336 0.449609375 0.0020833333333333333 0.00234375
0 0.2526041666666667 0.449609375 0.003125 0.00234375
0 0.24270833333333333 0.449609375 0.0020833333333333333 0.00234375
0 0.5427083333333333 0.4484375 0.0020833333333333333 0.0015625
0 0.5223958333333333 0.4484375 0.003125 0.0015625
0 0.5072916666666667 0.4484375 0.0020833333333333333 0.0015625
0 0.4822916666666667 0.4484375 0.0020833333333333333 0.0015625
0 0.47708333333333336 0.4484375 0.0020833333333333333 0.0015625
0 0.4671875 0.4484375 0.003125 0.0015625
0 0.4625 0.4484375 0.0020833333333333333 0.0015625
0 0.45208333333333334 0.4484375 0.0020833333333333333 0.0015625
0 0.446875 0.4484375 0.0020833333333333333 0.0015625
0 0.4421875 0.4484375 0.003125 0.0015625
0 0.38645833333333335 0.448828125 0.0020833333333333333 0.00234375
0 0.5828125 0.44765625 0.0010416666666666667 0.0015625
0 0.5776041666666667 0.44765625 0.003125 0.0015625
0 0.5729166666666666 0.448046875 0.0020833333333333333 0.00234375
0 0.5677083333333334 0.448046875 0.0020833333333333333 0.00234375
0 0.5630208333333333 0.448046875 0.003125 0.00234375
0 0.5578125 0.448046875 0.003125 0.00234375
0 0.5526041666666667 0.448046875 0.003125 0.00234375
0 0.5479166666666667 0.448046875 0.0020833333333333333 0.00234375
0 0.5375 0.448046875 0.0020833333333333333 0.00234375
0 0.5322916666666667 0.448046875 0.0020833333333333333 0.00234375
0 0.5276041666666667 0.448046875 0.003125 0.00234375
0 0.7973958333333333 0.44609375 0.003125 0.0015625
0 0.7875 0.44609375 0.0020833333333333333 0.0015625
0 0.7822916666666667 0.44609375 0.0020833333333333333 0.0015625
0 0.7666666666666667 0.44609375 0.0020833333333333333 0.0015625
0 0.7619791666666667 0.44609375 0.003125 0.0015625
0 0.7567708333333333 0.44609375 0.003125 0.0015625
0 0.7520833333333333 0.44609375 0.0020833333333333333 0.0015625
0 0.746875 0.44609375 0.0020833333333333333 0.0015625
0 0.7359375 0.446484375 0.003125 0.00234375
0 0.8942708333333333 0.4453125 0.003125 0.0015625
0 0.8890625 0.4453125 0.003125 0.0015625
0 0.884375 0.4453125 0.0020833333333333333 0.0015625
0 0.8229166666666666 0.445703125 0.0020833333333333333 0.00234375
0 0.8130208333333333 0.445703125 0.003125 0.00234375
0 0.8078125 0.445703125 0.003125 0.00234375
0 0.9098958333333333 0.444921875 0.003125 0.00234375
0 0.9046875 0.444921875 0.003125 0.00234375
0 0.8994791666666667 0.444921875 0.003125 0.00234375
0 0.22239583333333332 0.44453125 0.003125 0.0015625
0 0.1421875 0.44765625 0.009375 0.0078125
0 0.12916666666666668 0.44765625 0.014583333333333334 0.0078125
0 0.11354166666666667 0.44765625 0.014583333333333334 0.0078125
0 0.09739583333333333 0.44765625 0.015625 0.0078125
0 0.07552083333333333 0.44921875 0.026041666666666668 0.0109375
0 0.05625 0.446484375 0.0125 0.01015625
0 0.6515625 0.44453125 0.009375 0.0078125
0 0.6359375 0.44453125 0.009375 0.0078125
0 0.7359375 0.440625 0.003125 0.0015625
0 0.64375 0.443359375 0.004166666666666667 0.01015625
0 0.6244791666666667 0.443359375 0.011458333333333333 0.01015625
0 0.49947916666666664 0.44375 0.015625 0.0109375
0 0.4796875 0.443359375 0.017708333333333333 0.01171875
0 0.4322916666666667 0.444140625 0.016666666666666666 0.01328125
0 0.3494791666666667 0.44375 0.026041666666666668 0.0140625
0 0.8635416666666667 0.4421875 0.03333333333333333 0.0125
0 0.8307291666666666 0.44140625 0.013541666666666667 0.0109375
0 0.4166666666666667 0.44296875 0.014583333333333334 0.0140625
0 0.7760416666666666 0.441015625 0.014583333333333334 0.01171875
0 0.37135416666666665 0.44296875 0.017708333333333333 0.015625
0 0.5609375 0.434765625 0.0010416666666666667 0.00078125
0 0.5119791666666667 0.443359375 0.013541666666666667 0.01796875
0 0.30052083333333335 0.442578125 0.03229166666666667 0.01640625
0 0.8197916666666667 0.440234375 0.00625 0.01328125
0 0.7921875 0.440234375 0.013541666666666667 0.01328125
0 0.40208333333333335 0.442578125 0.014583333333333334 0.01796875
0 0.46041666666666664 0.440625 0.0125 0.0171875
0 0.8442708333333333 0.43828125 0.013541666666666667 0.0171875
0 0.8078125 0.437109375 0.013541666666666667 0.02109375
0 0.2421875 0.41171875 0.003125 0.0015625
0 0.221875 0.41171875 0.0020833333333333333 0.0015625
0 0.4666666666666667 0.4109375 0.0020833333333333333 0.0015625
0 0.43645833333333334 0.4109375 0.0020833333333333333 0.0015625
0 0.43125 0.4109375 0.0020833333333333333 0.0015625
0 0.42604166666666665 0.4109375 0.0020833333333333333 0.0015625
0 0.42083333333333334 0.4109375 0.0020833333333333333 0.0015625
0 0.3958333333333333 0.4109375 0.0020833333333333333 0.0015625
0 0.33489583333333334 0.4109375 0.003125 0.0015625
0 0.30416666666666664 0.411328125 0.0020833333333333333 0.00234375
0 0.2989583333333333 0.411328125 0.0020833333333333333 0.00234375
0 0.28854166666666664 0.411328125 0.0020833333333333333 0.00234375
0 0.2734375 0.411328125 0.003125 0.00234375
0 0.2630208333333333 0.411328125 0.003125 0.00234375
0 0.25729166666666664 0.411328125 0.0020833333333333333 0.00234375
0 0.2526041666666667 0.411328125 0.003125 0.00234375
0 0.24739583333333334 0.411328125 0.003125 0.00234375
0 0.5822916666666667 0.41015625 0.0020833333333333333 0.0015625
0 0.5723958333333333 0.41015625 0.003125 0.0015625
0 0.5677083333333334 0.41015625 0.0020833333333333333 0.0015625
0 0.5625 0.41015625 0.0020833333333333333 0.0015625
0 0.5572916666666666 0.41015625 0.0020833333333333333 0.0015625
0 0.5520833333333334 0.41015625 0.0020833333333333333 0.0015625
0 0.546875 0.41015625 0.0020833333333333333 0.0015625
0 0.5067708333333333 0.410546875 0.003125 0.00234375
0 0.496875 0.410546875 0.0020833333333333333 0.00234375
0 0.4713541666666667 0.410546875 0.003125 0.00234375
0 0.46145833333333336 0.410546875 0.0020833333333333333 0.00234375
0 0.45677083333333335 0.410546875 0.003125 0.00234375
0 0.44166666666666665 0.410546875 0.0020833333333333333 0.00234375
0 0.5776041666666667 0.409765625 0.003125 0.00234375
0 0.2942708333333333 0.410546875 0.005208333333333333 0.00390625
0 0.7354166666666667 0.40859375 0.0020833333333333333 0.0015625
0 0.8223958333333333 0.4078125 0.003125 0.0015625
0 0.8072916666666666 0.4078125 0.0020833333333333333 0.0015625
0 0.7864583333333334 0.4078125 0.0020833333333333333 0.0015625
0 0.7817708333333333 0.4078125 0.003125 0.0015625
0 0.7666666666666667 0.408203125 0.0020833333333333333 0.00234375
0 0.7614583333333333 0.408203125 0.0020833333333333333 0.00234375
0 0.75625 0.408203125 0.0020833333333333333 0.00234375
0 0.7510416666666667 0.408203125 0.0020833333333333333 0.00234375
0 0.7458333333333333 0.408203125 0.0020833333333333333 0.00234375
0 0.9088541666666666 0.40703125 0.003125 0.0015625
0 0.9041666666666667 0.40703125 0.0020833333333333333 0.0015625
0 0.8984375 0.40703125 0.003125 0.0015625
0 0.89375 0.40703125 0.0020833333333333333 0.0015625
0 0.8885416666666667 0.40703125 0.0020833333333333333 0.0015625
0 0.8833333333333333 0.40703125 0.0020833333333333333 0.0015625
0 0.8635416666666667 0.40703125 0.0020833333333333333 0.0015625
0 0.8427083333333333 0.40703125 0.0020833333333333333 0.0015625
0 0.8322916666666667 0.407421875 0.0020833333333333333 0.00234375
0 0.10364583333333334 0.408984375 0.009375 0.00703125
0 0.09322916666666667 0.409375 0.009375 0.0078125
0 0.07239583333333334 0.409375 0.009375 0.0078125
0 0.221875 0.40546875 0.0020833333333333333 0.0015625
0 0.17708333333333334 0.40859375 0.010416666666666666 0.0078125
0 0.16354166666666667 0.40859375 0.014583333333333334 0.0078125
0 0.15052083333333333 0.40859375 0.009375 0.0078125
0 0.12239583333333333 0.40859375 0.009375 0.0078125
0 0.11145833333333334 0.4078125 0.00625 0.009375
0 0.0828125 0.408203125 0.009375 0.01015625
0 0.06458333333333334 0.408203125 0.004166666666666667 0.01015625
0 0.6583333333333333 0.40625 0.008333333333333333 0.0078125
0 0.6489583333333333 0.40625 0.008333333333333333 0.0078125
0 0.6395833333333333 0.40625 0.008333333333333333 0.0078125
0 0.1390625 0.407421875 0.011458333333333333 0.01015625
0 0.115625 0.40390625 0.0020833333333333333 0.003125
0 0.05572916666666667 0.4078125 0.011458333333333333 0.0109375
0 0.7354166666666667 0.402734375 0.0020833333333333333 0.00234375
0 0.35 0.40703125 0.0125 0.0109375
0 0.6322916666666667 0.405078125 0.0020833333333333333 0.01015625
0 0.6234375 0.405078125 0.011458333333333333 0.01015625
0 0.5307291666666667 0.40546875 0.023958333333333335 0.0109375
0 0.5046875 0.40546875 0.028125 0.0125
0 0.4734375 0.4046875 0.030208333333333334 0.0140625
0 0.8734375 0.4015625 0.013541666666666667 0.0125
0 0.8541666666666666 0.4015625 0.016666666666666666 0.0125
0 0.8348958333333333 0.4015625 0.019791666666666666 0.0140625
0 0.8151041666666666 0.401171875 0.011458333333333333 0.01484375
0 0.7989583333333333 0.4015625 0.01875 0.015625
0 0.5140625 0.39609375 0.009375 0.0046875
0 0.2703125 0.403125 0.007291666666666667 0.01875
0 0.3880208333333333 0.402734375 0.057291666666666664 0.01953125
0 0.778125 0.400390625 0.020833333333333332 0.01796875
0 0.33489583333333334 0.401953125 0.015625 0.02109375
0 0.3182291666666667 0.401953125 0.023958333333333335 0.02109375
0 0.2734375 0.40078125 0.040625 0.0234375
0 0.45625 0.39921875 0.027083333333333334 0.025
0 0.4901041666666667 0.32578125 0.5052083333333334 0.065625
0 0.4395833333333333 0.261328125 0.0125 0.01171875
0 0.42552083333333335 0.261328125 0.013541666666666667 0.01171875
0 0.40729166666666666 0.261328125 0.0125 0.01171875
0 0.39166666666666666 0.261328125 0.014583333333333334 0.01171875
0 0.3770833333333333 0.261328125 0.0125 0.01171875
0 0.36041666666666666 0.261328125 0.01875 0.01171875
0 0.34427083333333336 0.261328125 0.011458333333333333 0.01171875
0 0.33125 0.261328125 0.010416666666666666 0.01171875
0 0.31875 0.261328125 0.0125 0.01171875
0 0.30520833333333336 0.261328125 0.010416666666666666 0.01171875
0 0.29270833333333335 0.261328125 0.010416666666666666 0.01171875
0 0.278125 0.261328125 0.014583333333333334 0.01171875
0 0.259375 0.261328125 0.010416666666666666 0.01171875
0 0.24479166666666666 0.261328125 0.014583333333333334 0.01171875
0 0.22864583333333333 0.261328125 0.015625 0.01171875
0 0.19322916666666667 0.261328125 0.053125 0.01171875
0 0.1578125 0.261328125 0.015625 0.01171875
0 0.14114583333333333 0.261328125 0.015625 0.01171875
0 0.12552083333333333 0.261328125 0.013541666666666667 0.01171875
0 0.46510416666666665 0.2609375 0.013541666666666667 0.0125
0 0.45208333333333334 0.2609375 0.010416666666666666 0.0125
0 0.6734375 0.2546875 0.371875 0.0390625
0 0.44895833333333335 0.2265625 0.004166666666666667 0.0046875
0 0.6322916666666667 0.223828125 0.0020833333333333333 0.00234375
0 0.546875 0.221875 0.00625 0.0015625
0 0.46510416666666665 0.220703125 0.013541666666666667 0.01171875
0 0.4395833333333333 0.220703125 0.0125 0.01171875
0 0.4239583333333333 0.220703125 0.014583333333333334 0.01171875
0 0.4078125 0.220703125 0.015625 0.01171875
0 0.39114583333333336 0.220703125 0.015625 0.01171875
0 0.3802083333333333 0.220703125 0.00625 0.01171875
0 0.36822916666666666 0.220703125 0.013541666666666667 0.01171875
0 0.35260416666666666 0.220703125 0.013541666666666667 0.01171875
0 0.5619791666666667 0.219921875 0.009375 0.01171875
0 0.5302083333333333 0.219921875 0.0125 0.01171875
0 0.5145833333333333 0.219921875 0.014583333333333334 0.01171875
0 0.4979166666666667 0.2203125 0.016666666666666666 0.0125
0 0.48072916666666665 0.2203125 0.015625 0.0125
0 0.6239583333333333 0.219140625 0.010416666666666666 0.01171875
0 0.6130208333333333 0.219140625 0.005208333333333333 0.01171875
0 0.6015625 0.21953125 0.009375 0.0125
0 0.5848958333333333 0.21953125 0.009375 0.0125
0 0.5729166666666666 0.21953125 0.008333333333333333 0.0125
0 0.5916666666666667 0.201953125 0.004166666666666667 0.00546875
0 0.4119791666666667 0.1984375 0.011458333333333333 0.009375
0 0.37395833333333334 0.1984375 0.010416666666666666 0.009375
0 0.35625 0.1984375 0.010416666666666666 0.009375
0 0.346875 0.1984375 0.004166666666666667 0.009375
0 0.3328125 0.1984375 0.005208333333333333 0.009375
0 0.5588541666666667 0.197265625 0.007291666666666667 0.00859375
0 0.55 0.197265625 0.008333333333333333 0.00859375
0 0.5395833333333333 0.19765625 0.010416666666666666 0.009375
0 0.5276041666666667 0.197265625 0.011458333333333333 0.00859375
0 0.51875 0.19765625 0.004166666666666667 0.009375
0 0.5083333333333333 0.19765625 0.010416666666666666 0.009375
0 0.471875 0.19765625 0.010416666666666666 0.009375
0 0.46041666666666664 0.19765625 0.0125 0.009375
0 0.4473958333333333 0.19765625 0.011458333333333333 0.009375
0 0.68125 0.196875 0.004166666666666667 0.009375
0 0.671875 0.196875 0.010416666666666666 0.009375
0 0.6598958333333333 0.196875 0.011458333333333333 0.009375
0 0.6473958333333333 0.196875 0.011458333333333333 0.009375
0 0.6359375 0.196875 0.009375 0.009375
0 0.5671875 0.196875 0.005208333333333333 0.009375
0 0.40260416666666665 0.196875 0.005208333333333333 0.0109375
0 0.3651041666666667 0.197265625 0.005208333333333333 0.01171875
0 0.5802083333333333 0.198046875 0.01875 0.01484375
0 0.29010416666666666 0.1984375 0.007291666666666667 0.015625
0 0.30364583333333334 0.196484375 0.015625 0.01328125
0 0.49270833333333336 0.195703125 0.016666666666666666 0.01328125
0 0.4322916666666667 0.195703125 0.016666666666666666 0.01328125
0 0.3859375 0.19609375 0.011458333333333333 0.0140625
0 0.346875 0.190234375 0.0020833333333333333 0.00234375
0 0.33958333333333335 0.19609375 0.004166666666666667 0.0140625
0 0.32447916666666665 0.19609375 0.019791666666666666 0.0140625
0 0.6885416666666667 0.196484375 0.00625 0.01640625
0 0.68125 0.1890625 0.0020833333333333333 0.0015625
0 0.6239583333333333 0.194921875 0.010416666666666666 0.01328125
0 0.6088541666666667 0.194921875 0.015625 0.01328125
0 0.5671875 0.189453125 0.003125 0.00234375
0 0.5182291666666666 0.189453125 0.003125 0.00234375
0 0.39947916666666666 0.17421875 0.007291666666666667 0.015625
0 0.4125 0.172265625 0.016666666666666666 0.01328125
0 0.5864583333333333 0.173046875 0.00625 0.01640625
0 0.5744791666666667 0.171484375 0.011458333333333333 0.01328125
0 0.559375 0.171484375 0.014583333333333334 0.01328125
0 0.540625 0.171484375 0.016666666666666666 0.01328125
0 0.5203125 0.171484375 0.019791666666666666 0.01328125
0 0.5 0.171484375 0.016666666666666666 0.01328125
0 0.4817708333333333 0.171484375 0.015625 0.01328125
0 0.4635416666666667 0.171484375 0.016666666666666666 0.01328125
0 0.4479166666666667 0.171484375 0.014583333333333334 0.01328125
0 0.43072916666666666 0.171875 0.015625 0.0140625
0 0.3567708333333333 0.144140625 0.019791666666666666 0.01640625
0 0.33541666666666664 0.144140625 0.01875 0.01640625
0 0.30833333333333335 0.144140625 0.016666666666666666 0.01640625
0 0.28541666666666665 0.144140625 0.022916666666666665 0.01640625
0 0.25416666666666665 0.144140625 0.01875 0.01640625
0 0.23072916666666668 0.144140625 0.021875 0.01640625
0 0.2078125 0.144140625 0.017708333333333333 0.01640625
0 0.18645833333333334 0.144140625 0.01875 0.01640625
0 0.165625 0.144140625 0.01875 0.01640625
0 0.14166666666666666 0.14453125 0.022916666666666665 0.0171875
0 0.11770833333333333 0.14453125 0.020833333333333332 0.0171875
0 0.61875 0.14296875 0.020833333333333332 0.015625
0 0.5729166666666666 0.143359375 0.020833333333333332 0.01640625
0 0.5182291666666666 0.143359375 0.019791666666666666 0.01640625
0 0.5010416666666667 0.143359375 0.008333333333333333 0.01640625
0 0.48385416666666664 0.143359375 0.021875 0.01640625
0 0.46145833333333336 0.143359375 0.01875 0.01640625
0 0.4395833333333333 0.143359375 0.01875 0.01640625
0 0.4171875 0.14375 0.021875 0.0171875
0 0.4 0.14375 0.008333333333333333 0.0171875
0 0.3807291666666667 0.14375 0.021875 0.0171875
0 0.8552083333333333 0.142578125 0.020833333333333332 0.01640625
0 0.8322916666666667 0.142578125 0.022916666666666665 0.01640625
0 0.8072916666666666 0.142578125 0.022916666666666665 0.01640625
0 0.7848958333333333 0.142578125 0.019791666666666666 0.01640625
0 0.7614583333333333 0.14296875 0.022916666666666665 0.0171875
0 0.7375 0.142578125 0.020833333333333332 0.01640625
0 0.7140625 0.142578125 0.021875 0.01640625
0 0.690625 0.14296875 0.020833333333333332 0.0171875
0 0.6692708333333334 0.14296875 0.017708333333333333 0.0171875
0 0.6473958333333333 0.142578125 0.019791666666666666 0.01640625
0 0.5953125 0.14296875 0.019791666666666666 0.0171875
0 0.5421875 0.14296875 0.021875 0.0171875
0 0.5869791666666667 0.103515625 0.03229166666666667 0.02421875
0 0.5526041666666667 0.103515625 0.03229166666666667 0.02421875
0 0.5197916666666667 0.103515625 0.029166666666666667 0.02421875
0 0.4869791666666667 0.103515625 0.03229166666666667 0.02421875
0 0.45416666666666666 0.103515625 0.029166666666666667 0.02421875
0 0.42239583333333336 0.10390625 0.028125 0.025
0 0.39010416666666664 0.10390625 0.03229166666666667 0.025
0 0.8546875 0.06953125 0.0010416666666666667 0.0015625
0 0.5171875 0.0234375 0.0010416666666666667 0.0015625
0 0.5234375 0.02265625 0.009375 0.0046875
0 0.4875 0.03828125 0.10833333333333334 0.0765625
0 0.5036458333333333 0.00078125 0.003125 0.0015625
0 0.46458333333333335 0.0015625 0.00625 0.003125
